# Frame list with one line of data per frame:
#   FRAME_ID, RIG_ID, RIG_FROM_WORLD[QW, QX, QY, QZ, TX, TY, TZ], NUM_DATA_IDS, DATA_IDS[] as (SENSOR_TYPE, SENSOR_ID, DATA_ID)
# Number of frames: 9
1 1 0.9761940926461371 -0.035603404593395782 0.19054630150546209 0.097311859743474657 -2.3391023092201046 -1.3872795432480027 2.8810805223731726 1 CAMERA 1 1
2 1 0.978147875448378 -0.022425986958670822 0.18154758908419749 0.098814380342485672 -2.2153410889200003 -0.74437140812051539 1.5174282556561149 1 CAMERA 1 2
3 1 0.97075155844146144 -0.084756691876365697 0.20562507379940004 0.090421479697249008 -2.2974235625820647 -0.91031809469484148 0.31381315131344023 1 CAMERA 1 3
4 1 0.96702885168453168 -0.052004831849647229 0.23273456902035689 0.089360605732585557 -2.7106296426347485 -1.5211531240458944 1.6026706435529694 1 CAMERA 1 4
5 1 0.99982137333418886 0.016256947699770673 0.0092594327184120362 -0.0026825326385237604 -0.56506990081625674 -0.40922865359219673 1.428944273812403 1 CAMERA 1 5
6 1 0.99116457594609297 0.015916052877204368 -0.11975238760635136 -0.054761558715853073 0.79111802551330657 -0.1420034248687673 0.96432470195423758 1 CAMERA 1 6
7 1 0.96025939734106447 0.021847204177487974 -0.25658522002586054 -0.10765042662285931 2.1521020806285169 -0.39683754423936207 1.6043993395911984 1 CAMERA 1 7
8 1 0.90961210482050114 0.043276726550912921 -0.37551311981420243 -0.17240313381855829 3.4945176924548198 -0.65510685107565125 2.1009300971053779 1 CAMERA 1 8
9 1 0.77129262281411293 0.059596658054389448 -0.55995984713373637 -0.29664945295624173 4.4721643985507464 -1.4817705904884046 3.7850370863530083 1 CAMERA 1 9
