# 3D point list with one line of data per point:
#   POINT3D_ID, X, Y, Z, R, G, B, ERROR, TRACK[] as (IMAGE_ID, POINT2D_IDX)
# Number of points: 737, mean track length: 3.6648575305291722
1 0.19580161080946279 -1.2774090394550148 3.1845146011031926 73 30 18 0.44216603508441299 6 167 5 168 7 143 8 109
2 0.68776491140677098 -1.2963971745186544 3.2482952366310021 120 79 52 0.29368625934026149 6 160 5 169 2 993 4 61 3 683
3 0.074899264929583986 -1.2611662226990119 3.2270693887316133 88 43 22 0.27672296675877495 6 838 5 183 7 822 8 632
4 0.14413717907360268 -1.2442798398752508 3.214995780137909 37 11 1 0.51079074193866048 6 172 5 187 2 235 4 97
5 0.078817836631156712 -1.2392233602344551 3.2330668323247469 112 74 54 0.31798057741735575 6 174 5 190 7 160 8 120
6 0.74989349071896871 -1.2286770908710505 3.2875496091181335 137 104 78 0.32882536293404985 6 178 5 193 4 102
7 0.012636580177918466 -1.2131251274670327 3.2728403740929726 112 75 55 0.50037184968102688 6 855 5 202 7 834 8 641
8 0.11143060863376653 -1.1957412163214132 3.2358716384087036 19 12 5 0.50879997547629052 6 192 5 203 7 180
9 0.33836759070300448 -1.1671144385836216 3.1869463279288026 66 50 40 0.51033193006396349 6 199 5 206 3 700
10 0.75046092498266248 -1.1793943885074563 3.2878575215987849 75 43 20 0.20916848280592551 6 200 5 209 2 293 4 113
11 -0.015890109803502805 -1.1867923990377331 3.2974967731828335 101 67 51 0.19660006604866728 6 863 5 211 7 839 8 643 9 93
12 0.24239697671840699 -1.1497147630226014 3.1985913160844923 10 10 15 0.70888315370035837 6 865 5 214 2 276 4 120 3 709
13 0.43456280855398643 -1.1320124470896165 3.2302667734231267 48 17 1 0.4504739944478004 6 866 5 219 2 1013 3 1186 7 201
14 0.55456793661547843 -0.98000612641167917 3.3237064504148641 97 71 56 0.18211206968802102 6 883 5 265 2 1040 7 236
15 0.39408400767053281 -0.93254677569983169 3.37298438349351 54 20 8 1.0566412297853969 6 255 5 275 2 371 3 781 7 246
16 0.081724632641304251 -0.63201067879729877 4.8075724633827148 67 6 8 0.57953524835539483 6 350 5 374 2 528 4 368 3 308 7 361 8 267
17 0.65771404290505708 -0.19675594641568195 5.2043091031995754 252 165 166 0.93988299294062938 6 435 5 414 2 582 3 941
18 0.65771404290505708 -0.19675594641568195 5.2043091031995754 252 165 166 0.93988299294062938 6 434 5 415 3 942 2 583
19 0.48878278819599963 -0.12847205707033393 5.0018442100173317 108 12 18 0.29946934853101487 6 445 5 420 3 1370
20 0.56159770001130083 -0.077757988788479837 5.0132487470306426 76 13 8 0.1923577037391157 6 460 5 434 1 565 4 485 3 950
21 0.6869143828819757 0.0048055541296576632 5.0798658098819764 238 153 155 0.18696772017843699 6 480 5 447 2 615
22 0.24329354485980187 0.10410445634823956 4.8586659819578655 92 13 14 0.32198648339951402 6 506 5 459 2 612
23 0.16355724191597049 0.13631843318473835 4.8932755171037146 94 13 13 0.54791835936032185 6 1058 5 465 8 785
24 0.56704079090203563 0.15902087826112862 5.0008006434671906 151 76 80 0.26782855487851415 6 509 5 468 2 631 4 513 3 967
25 0.54392945155913608 0.18885177022236455 4.9979317077947236 81 2 6 0.34009350420857531 6 518 5 470 2 634 4 514 3 972
26 0.17119206578073859 0.19267108014370368 4.8758888608293507 95 10 13 0.42120463133768976 6 524 5 472 3 397 7 1033
27 0.27778797326811816 0.20143844292206925 4.8771787486509925 81 14 12 0.8321107390311111 6 1061 5 473 1 1149 2 1192 4 1096 3 1388 7 536
28 0.4907973520304712 0.20069709885457099 4.9806286312583472 85 8 10 0.20524204305672547 6 522 5 474 2 638 3 970
29 0.4907973520304712 0.20069709885457099 4.9806286312583472 85 8 10 0.20524204305672547 6 521 5 475 2 637 3 971
30 0.25291986557670759 0.3660000210441906 4.897962168079788 178 131 125 0.19269335053274314 6 544 5 497 2 647 3 426 7 563 8 396
31 0.03437061986201051 0.74185125866646984 4.2452636950811975 167 120 80 0.2422201102349405 6 592 5 559 3 1010
32 -0.1755563988796317 0.88734385565139073 4.1868936308514098 113 68 37 0.49096259879901583 6 606 5 579 7 615
33 1.4736679147193663 1.9431296455912799 6.0299903606844758 151 102 70 0.65233829231959861 6 641 5 623 2 1279 1 762 3 1785
34 1.4988742695199613 2.0008262377782295 5.9927274687250716 160 114 81 1.1311200785190703 6 644 5 628 4 690 3 1077
35 0.10446982531430965 2.2878818251764246 5.3325786428736262 117 82 62 0.2905661886132096 6 672 5 648 2 803
36 0.35303960383071475 2.3756400464001506 5.5842729276308329 135 95 70 0.48190141124428937 6 668 5 649 2 825 1 781 4 1224 3 1476
37 0.63099237328288105 2.6958413326372583 5.7778599445174468 162 144 134 0.65123494143547334 6 679 5 667 4 1245
38 0.79493213364752391 -1.7298677398072622 3.3468945027235586 241 194 148 0.24046656698050081 6 81 5 724 2 923
39 0.83663216580192934 -1.6798083149166936 3.34371257081188 226 184 143 0.3460947408042237 6 763 5 740 2 1345 1 920
40 1.0428702762694251 -1.4976265805389004 3.4202263306445526 66 29 18 0.39450152012894962 6 131 5 762 2 1357 3 1515
41 0.86226575616115964 -1.4495806582148671 3.3171685830938986 68 29 13 0.31112182052613824 6 805 5 763 2 1356 1 936 3 1514
42 0.44888433694696273 -1.3724358878429945 3.1672670294983911 95 55 41 0.63055278608272292 6 1240 5 765 2 958 1 226 4 756 7 802
43 0.56034511078830573 -1.3787375547570249 3.2072079847311064 142 90 69 0.31263774816420897 6 810 5 766 4 759 2 960 3 1136
44 0.6159982264672631 -1.3678929928200265 3.2209031514388471 157 116 91 0.3557940009978357 6 815 5 772 2 969 4 26 3 1137
45 0.63732910109083418 -1.3491023630146408 3.2237977231762143 110 69 42 0.29563176872318425 6 817 5 776 2 980 4 767 3 1143
46 0.4626349557494176 -1.186396760571867 3.2074515913324615 107 70 52 0.3024408644145381 6 854 5 797 2 268 3 1177
47 0.58035359001055031 -1.1860271240916416 3.2340537916803673 115 77 56 0.5681673099004243 6 187 5 799 4 815
48 0.272249244446163 -1.1566883099870644 3.2064050984469388 99 95 99 0.69218751219386809 6 1276 5 801 2 1005 1 278 4 1298 3 1554 7 1253
49 0.272249244446163 -1.1566883099870644 3.2064050984469388 99 95 99 0.69218751219386809 6 1275 5 802 2 1006 1 279 4 1299 3 1555 7 1252
50 0.25681832846056074 -1.0687652981158848 3.2491228935497918 35 37 49 0.41060431691802263 6 872 5 825 2 1017 1 312 4 835 3 1195 7 216
51 0.1114841443901019 -1.0397629361503795 3.3275316571043771 28 33 39 0.40639337612903265 6 1304 5 832 7 861
52 0.22869792844762438 -1.0186563308541858 3.2981241610851924 26 33 39 0.59272335378565189 6 245 5 835 4 849
53 0.77167524026865475 -0.2187789864832439 5.2239589693849142 240 179 166 0.41989847330976993 6 1005 5 962 1 1135 4 1758 3 1930
54 0.62761347115036004 -0.078307442575114183 5.049486742098571 229 170 165 0.22048280557556135 6 1026 5 972 3 1727
55 0.62761347115036004 -0.078307442575114183 5.049486742098571 229 170 165 0.22048280557556135 6 1027 5 973 3 1728
56 0.75376955368855258 0.0098479771165450036 5.1129779575689485 239 176 171 0.21256934767849076 6 476 5 978 2 1497 1 1141 4 1488 3 1734
57 0.34836239304781308 0.42078335407846823 4.8743032897266678 233 199 189 0.25448209004233613 6 1468 5 1013 2 1513 1 592 4 1109
58 0.2669506264009433 0.43232316304208684 4.8881541023789294 213 171 163 0.2787853465286248 6 1074 5 1015 2 1207 1 591 4 523 3 1398 7 1388 8 1035
59 0.061855593182058799 0.75163664409255515 4.2542339420451638 103 57 21 0.33446586789527727 6 1100 5 1035 3 1409 7 1056
60 0.085504056198698275 0.785242743478067 4.2490334263353908 168 123 87 0.35826632567049771 6 1478 5 1037 4 1126 2 1230 3 1758 7 1058
61 -0.47648445205050238 0.93446727380439876 4.2199715488236738 144 92 53 0.529391515128109 6 1487 5 1042 7 1079
62 0.4815602991754705 2.4131984229049812 5.625425217003678 136 96 71 0.52955870116149562 6 1521 5 1090 7 1133
63 0.36977222905647089 2.4053927109437621 5.5811643998935478 86 48 22 0.49299968984448822 6 1149 5 1091 2 829 4 1227 3 1482
64 0.94769111614063128 -1.5457215489608718 3.3584790078282643 137 83 72 0.34914227455150976 6 792 5 1158 2 1352
65 0.89567039657944503 -1.5336837150370388 3.3369267764470503 90 40 24 0.24462240541569949 6 791 5 1163 1 931
66 0.87357782592721067 -1.4249988949658938 3.3340572121851988 142 101 83 0.41954928350039555 6 140 5 1168 2 972 1 237 4 761 3 1519
67 0.57528013677364287 -1.3493777118025672 3.2080671630991215 71 27 11 0.4306324465454191 6 1244 5 1170 2 1365 1 941 4 1268 3 1822 7 1235
68 0.79326663516141349 -1.2452962036940773 3.2987227300994757 140 107 80 0.22083683844998556 6 844 5 1187 2 1383 1 968 3 1839
69 0.40826704449123197 -1.1446448613496156 3.2200946017154632 80 56 41 0.44618653794187202 6 1278 5 1202 2 1010 4 820 3 1558
70 0.16515208925785485 -1.1202474140767111 3.2475079621086613 5 9 12 0.46144992561685844 6 1283 5 1206 1 289 2 1014 4 828 3 1562 7 1258
71 0.12511493152192571 -1.1080418198720463 3.2610929121683938 95 99 102 0.13960153239925394 6 1623 5 1210 7 1516 8 952
72 0.89696126621723915 -1.1069421158833093 3.4043105087076033 117 91 76 0.25378214543270167 6 1289 5 1215 2 1668 1 1394 4 1628 3 2007
73 0.18974574668619865 -1.0063889835979687 3.32778391658506 34 40 46 0.30475882976597862 6 1308 5 1224 7 1276
74 0.52455819668738535 -0.15238868323791188 5.0182710408020297 218 162 159 0.41075409822054193 6 1427 5 1309 2 1488 1 1519 4 1471 3 1929 7 992
75 0.5957071998641178 0.0021253778421667646 5.0063599042162519 120 11 21 0.37469761885263264 6 1708 5 1317 1 1527 4 1765 3 1933
76 0.58371854986111138 0.11461722357493345 5.0050586045065337 97 9 13 0.26750652200713326 6 1452 5 1328 2 1502 7 1023
77 0.074286081514487123 0.83787955447072016 4.2589921810879607 77 32 2 0.70505461755182264 6 1480 5 1358 2 1793 1 1835 4 1939 7 1062
78 -0.12739796296027706 0.893009054786158 4.1669986755436899 151 105 71 0.29230551537128963 6 1741 5 1359 7 1615 8 1044
79 -0.41334582911828199 0.98145869627833671 4.1728818087076576 129 79 47 0.47031059133697722 6 1747 5 1364 7 1408
81 0.84462387739668165 -1.7250825162575323 3.357232981298552 185 138 95 0.32055401479187828 6 1208 5 1443 2 1620
82 0.26003901637137516 -1.5976831789749713 3.2041306924711197 163 110 62 0.22089898600604374 6 1815 5 1450 7 1673
84 0.24955594402181186 -1.24832586207217 3.1742822990602613 114 77 60 0.49863553604520489 6 1608 5 1480 2 1647 1 1360 4 1284 3 1835
85 0.3799457066681643 -1.256614706072289 3.1766258434613275 42 9 0 0.4176956147683169 6 1606 5 1481 2 1643 1 1362
86 0.54733137972359691 -1.0101074755021133 3.3116885186793334 32 8 3 0.21023662471673746 6 1631 5 1501 2 1669 1 1005 4 1640 3 1853 7 1272
87 0.57601711098342379 -0.1080148957673242 5.019602294391702 126 15 22 0.2795827068431383 6 1701 5 1561 2 1760 1 1520 3 1931
88 0.5736866252260342 -0.11376865611007053 5.0293538318718713 126 15 22 0.92926398529986132 6 1702 5 1562 2 1761 1 1521 3 1932 7 994
89 0.54875324690944005 -0.038422233778052928 5.000058473820733 210 174 165 0.24657214991699716 6 1439 5 1563 2 1762 1 1526 4 1763 3 2066
90 0.56582661389678479 0.057789314313019979 4.9889262821940159 171 137 128 0.26282492708589855 6 1877 5 1569 2 1947 1 1816 4 1928 3 2069 7 1597
91 -0.10006696230506207 0.81659722064377516 4.1923177649553862 127 77 40 0.16834234668562084 6 1737 5 1585 7 1611
92 -0.060428636386121837 0.85107090551251074 4.1706664791177444 165 116 76 0.66089846486839499 6 1739 5 1586 2 1791 1 1548 4 1782 3 2079 7 1402
93 0.39751553185219352 -1.4763336017481752 3.1595425816930214 190 145 103 0.5690883537323701 6 1584 5 1646 2 1626 1 1346 3 1810 7 785
94 0.49644865501343699 -1.3896646824801286 3.1768686483900486 89 42 24 0.38167089493320921 6 1819 5 1655 2 1868 1 1668 3 1991
95 0.13057205684262374 -1.2773994851394623 3.2136006438904601 123 78 63 0.24296661577741416 6 1957 5 1667 7 1784 8 1301
96 0.3792897327893443 -1.2067179819182265 3.1842150032456966 126 94 71 0.24682212756686589 6 1827 5 1673 2 2019 1 1926 4 1838 3 2129 7 1511
97 0.71548065083350976 -1.0324439633488871 3.3376727388762908 120 89 68 0.23963833381043026 6 1626 5 1686 2 1892 1 1695 4 1857 3 2011 7 1268
98 -0.22171100507809016 1.0535793687504238 4.1388348914614816 184 136 100 0.22616980059518432 6 1913 5 1742 7 1410
99 -0.14918415789911332 1.14232385742182 4.0944776276791277 172 126 91 0.27940975845582677 6 1915 5 1744 7 1623
100 -0.31860094351717561 2.282989629075062 5.3156131593188016 126 89 62 0.80535276226165919 6 2035 5 1754 7 1935 8 1400
101 0.68079218613306347 -1.0667636064173371 3.3088142254461612 17 8 0 0.33906057888359481 6 1963 5 1785 2 2026 1 1941 4 2101 3 2225 7 1519
102 0.35873696719826198 0.34544992725521351 4.8992128621276443 104 8 13 0.45495476912376515 6 2000 5 1819 4 2046 3 2188
103 0.31200158321200056 0.42678730199551018 4.8820144790563544 203 183 172 0.2423117347860588 6 2096 5 1821 2 2063 1 2000 4 2047 3 2189 7 1832
104 0.31200158321200056 0.42678730199551018 4.8820144790563544 203 183 172 0.2423117347860588 6 2097 5 1822 2 2064 1 2001 4 2048 3 2190 7 1833
105 0.39153752136439474 0.51732160323844389 4.8724906520264701 172 167 153 0.34733382413400576 6 2001 5 1825 2 2144 1 2101 4 2147 3 2252
106 0.3906742038339614 0.51787396911917316 4.8744635710004873 172 167 153 0.36507636121177078 6 2002 5 1826 2 2145 1 2102 4 2148 3 2253 7 1835
107 -0.24597892766747098 0.92555298074207371 4.1939859821162813 73 31 9 0.74767031621426372 6 2108 5 1834 2 2069 1 1552 4 1940 3 2195 7 1848
108 0.52107506654528002 2.7288060604605224 5.7267210670891604 170 157 148 0.67064520712921338 6 1780 5 1849 4 2087
109 0.47716506115104956 -1.0788430401608133 3.2547932215230393 100 66 47 0.53278045432885268 6 2064 5 1870 1 2067 4 1991 3 2222 7 1790
110 0.035004601148539427 0.79640835492955153 4.2659791850537427 122 74 38 0.98079422049117415 6 2103 5 1900 2 2210 1 2177
111 0.62083459526287299 -1.6476225666641118 3.298350128543833 143 92 59 0.38288497880518324 6 2134 5 1929 2 2184 1 2136
112 0.53316628183131043 -1.525587990178451 3.2457143489634763 201 162 121 0.54581328667257567 6 2188 5 1985 7 1943
113 0.37203465405808389 0.036640886410884504 4.9226415315284244 109 5 12 0.57361329690347684 6 2224 5 2019 2 2287 1 2291 4 2265 3 2349
114 -0.23093660338947986 2.7782834080510979 5.5116689194567954 88 74 61 1.8917357242854436 6 2247 5 2031 2 2301 1 2333 4 2273 7 2037
115 0.38485281245702768 -1.3659920840001942 3.224290703959888 58 28 26 0.45897084173353553 6 2252 5 2037 2 2308 1 2313
116 0.85795036720158091 -1.4799621330441344 3.3291498572062261 117 74 57 0.052428298924034354 5 134 2 184 3 637
117 1.1427608395716224 -1.5455662564533075 3.4714391650731162 124 98 86 1.0476442375386814 5 130 2 190 1 225
118 0.8239349113095491 -1.4393320158670515 3.3046029133591874 158 115 92 0.30823080831902888 6 133 2 195 3 1132
119 0.57495187555832683 -1.319280716793124 3.2149042349836763 117 76 58 0.28344584508889548 6 152 2 221 4 775 3 1146
120 0.32951868691428093 -1.2055200675337976 3.1767963523688607 68 44 19 0.4700926444099095 6 180 2 255 4 99 3 1165
121 0.43655956859953782 -1.1974043776793879 3.2046338547662017 68 31 5 0.36317915016377933 5 196 2 266 4 103 3 1172 7 167
122 0.85095750403612802 -1.1109006013995559 3.3810204016224912 84 53 35 0.47285208924742478 5 236 2 322 3 1197
123 -4.27869095537908 -8.9483100977167975 24.971418162436034 158 67 66 0.87607616499893204 5 1184 2 334 3 858
124 0.31937119617783177 -1.0060656857688048 3.2981173880844814 33 14 7 0.24540094072464594 6 880 2 336 3 1206
125 -5.1740995982290938 -7.7731146451952071 26.681941876747654 117 68 28 0.33870056119562786 5 840 2 398 1 440 4 394 3 287
126 -5.1570135781826325 -7.772532044339453 26.639575063075188 117 68 28 0.2160300751336405 5 839 2 399 1 441
127 -0.91889538305404839 -8.7114150719478634 28.762455335153067 204 157 160 0.15560697665306986 6 219 2 406 1 1065
128 -1.4352679368503458 -7.5839818177338838 28.353675486084249 81 65 55 0.45463496730450409 6 249 2 470 1 485
129 -5.9470992796789206 -5.0117815003182464 26.139522136471278 69 45 22 0.54489327275074506 5 352 2 521 1 534
130 -1.7929098288150853 -6.0287967088964907 29.214102156825223 145 116 130 0.12036712894755629 6 301 2 534 1 549
131 0.64147352017721504 -0.08628367398965564 5.05959725669649 251 176 171 0.23447356110624323 5 429 2 603 4 487 3 952
132 0.64147352017721504 -0.08628367398965564 5.05959725669649 251 176 171 0.23447356110624323 5 430 2 604 4 488 3 953
133 1.0104245352051504 -0.098541184981314756 5.1085622759615372 238 188 175 0.30383116288534262 5 426 2 606 1 566 4 497 3 1377
134 0.24599677446003898 0.4002025184846838 4.9014261908915371 76 17 10 0.38557893188684755 6 548 2 653 1 587 4 521 3 981 7 569 8 799
135 0.34653120247768998 0.38483615817550576 4.8762953344512336 87 11 15 0.22401159779617899 5 499 2 654 3 428 7 564
136 0.34537302099437706 0.45795006997841198 4.8578630097570397 164 139 127 0.15032550582159432 5 506 2 665 1 598 3 987
137 1.2774240214244867 2.1676073359985191 6.0685956300553059 127 86 66 0.50844625955098011 5 636 2 812 1 782
138 0.42039886265672588 2.4606075893424286 5.5778708858161599 136 98 77 0.60974841414722969 5 655 2 831 1 789 4 1232
139 1.1110077695807097 2.5304324398776727 6.1356416640687312 147 127 118 0.20884329760373377 6 667 2 843 4 738
140 0.63506699820732415 -1.3509011781186464 3.2279047160642609 110 65 39 0.14887103157516704 5 777 2 981 4 768
141 -4.1047255701568996 -10.929805368545924 25.346410542823421 234 128 119 0.29852691368049988 5 107 2 988 1 986 4 942
142 0.74046329671840749 -1.2997922616425654 3.2620406039849565 121 78 53 0.26479746206802823 5 170 2 994 4 784 3 1153
143 1.0598762191187294 -1.3586554149061452 3.4486490018568166 54 25 9 0.29782460094890767 5 171 2 999 4 797 3 1545
144 0.8592161737335533 -1.2837993994569215 3.3371141006575411 133 95 73 0.17689499246410223 5 186 2 1001 4 804
145 0.53844701566335174 -1.1551855626657872 3.2393394188065376 82 46 24 0.39909126636715286 5 215 2 1008 3 1557 4 1297
146 1.0257950245992047 -1.1468502634632278 3.4907312706992868 93 63 46 0.18528700102854118 5 231 2 1027 4 836 3 1200
147 -1.0920417911586169 -10.000505621473749 27.091468630671745 232 202 190 0.19290104146262174 6 808 2 1029 1 1022
148 -1.0091936023205559 -9.6759746179728552 27.849505522313848 127 90 79 0.088073227219210917 6 159 2 1048 1 1033
149 -1.2905903116893773 -9.5284980513445525 27.808666612049382 84 46 35 0.61271633259950309 6 1259 2 1051 1 1426
150 -5.4427593112098327 -7.6872729693830166 26.51868585612921 149 103 46 0.11010604252121399 5 259 2 1071 3 286
151 -4.5325700055308387 -5.2300517735261254 26.567309398552194 96 27 20 0.32787779369419623 5 907 2 1127 1 1127 4 1086 3 927
152 -4.7837238568676348 -5.1269514375144816 26.718935296557959 109 78 58 0.22008726948663537 5 909 2 1130 1 544
153 -3.7076233609878688 -5.3569769807419991 28.085627129128127 66 75 83 0.2440376527237329 5 357 2 1132 1 1132 4 1092 3 1362
154 -3.1453097735427233 -3.7734280826362379 30.299092526449524 22 4 0 0.31637879006370268 5 937 2 1154 1 1154 4 1115
155 -1.7108344587989239 -3.4416228261384947 31.71298004694501 148 137 131 0.31854451439208376 6 981 2 1166 1 1173
156 -2.2584450348134562 -3.132405907354245 31.429983066310896 115 101 94 0.76429888665086931 6 984 2 1169 1 601
157 -1.7002817538313084 -3.1977539439042988 31.849253152415375 116 99 85 0.12676962273196132 6 983 2 1170 1 1177
158 -1.8277381812744959 -3.0239345449392334 31.763124940890886 25 7 0 0.089302666275136958 6 1401 2 1174 1 1180
159 0.84031202805745842 0.13953473374518321 5.1515491568522824 158 75 77 0.20087213837738582 5 997 2 1196 1 1153 3 1744
160 -0.73810826086708936 -1.4471676107642666 29.759012062285979 42 102 90 0.19889756947099899 6 1024 2 1200 1 1211
161 -0.73810826086708936 -1.4471676107642666 29.759012062285979 42 102 90 0.19889756947099899 6 1023 2 1201 1 1212
162 0.086453934902896101 0.78424821469170525 4.2528052834265759 165 114 83 0.33337416700728145 6 1479 2 1231 1 635 7 1059
163 2.138442226791279 1.3983272557200617 5.2592776487351234 112 114 127 0.4263877236113699 5 609 2 1274 1 1249 4 1547
164 1.8059018983085173 1.7514762293250641 5.342750878649082 65 65 76 0.21127436168318336 5 621 2 1281 1 1258
165 0.99488446705113631 2.5168594879941866 6.14866884449272 114 94 85 1.1207787036537424 6 1519 2 1297 1 799 5 647 7 1127
166 1.873063119163763 2.3781225945656184 6.4620836815761225 208 185 169 0.52090712227323999 5 1082 2 1300 1 807 4 1244
167 2.0137801662904988 2.4955908050681659 6.221460559189814 193 174 160 1.7597967108268868 5 645 2 1304 6 656 7 653 7 657
168 0.57323914181686852 -1.3525675265199073 3.2113739434884363 70 23 3 0.34287947844068556 5 1171 2 1364 1 940 4 1267 3 1823
169 -4.185251662117258 -10.713169188357353 25.169233116659004 179 46 43 0.21097223786422381 5 1154 2 1374 1 1385 3 1255
170 -4.1886438552780874 -10.714835301749675 25.178416354321385 179 46 43 0.22913551685152167 5 1153 2 1375 1 1384 4 1377 3 1254
171 0.94253721993247863 -1.3287873966120682 3.3613917255251575 92 50 28 0.28452752394906788 5 782 2 1377 3 1537 4 792
172 0.29086772559676716 -1.0811058553431319 3.2438751491430602 14 12 18 1.5211733236766218 6 1290 2 1395 7 850 1 299
173 0.57981200447650372 -1.0689047771002373 3.2829450066995558 68 37 18 0.5857888548918222 6 873 2 1399 1 317 4 833 3 1196 7 214
174 0.75370412601733205 -1.0598637396944457 3.3498526110913267 89 59 37 0.36454106432115263 5 829 2 1407 3 1577 4 841
175 -1.4538609634635193 -7.9305227423271436 28.042262745095886 224 210 197 0.12093988139823093 6 1299 2 1447 1 1470
176 -1.5271064120593159 -6.0479635302263537 29.281054501589935 182 151 145 0.094995859096259003 6 917 2 1481 1 1131
177 0.67354618155703427 -0.70682676614345841 5.0034808208225385 97 8 14 0.29796293005149155 5 920 2 1483 1 1091 4 1429 3 1674
178 0.79122241121240455 -0.0092765513045335868 5.1419558152987781 147 23 31 0.50936414309830758 5 449 2 1496 4 1491 3 1733
179 0.75551451916736312 0.011117541665668307 5.1079607185337963 229 182 176 0.14663658464974816 5 979 2 1498 1 1142 4 1489 3 1735
180 0.77146073368949963 0.074599830629409558 5.0876362913550643 118 10 19 0.17251360833383711 5 986 2 1503 4 1498
181 -0.50424361121677441 -2.1631348529049808 29.946253400661572 131 71 66 0.14100209403019778 6 1410 2 1504 1 1198
182 1.1334289630524443 1.2943750384012604 5.7694647679590378 112 74 55 0.79672644094441858 6 605 2 1546 1 1579 3 1963
183 1.1188583997942168 2.0584347468082371 6.0495869002435612 93 51 27 0.27484209199438231 5 1074 2 1557 1 1260 4 1819 3 1967
184 0.18344308261875153 2.3421603301575438 5.2347378617877789 107 65 42 0.1748259174812434 5 653 2 1567 4 1568
185 1.0665850047893559 2.4888303103365867 6.1781143400740683 132 112 103 0.35756764202232361 5 1088 2 1573 6 1518 7 1434
186 1.8757546924314279 2.4205254981500692 6.417754091739452 139 117 104 0.53196794964468574 5 1395 2 1577 4 1246 6 649
187 -2.8104993333106614 -12.241119265220062 25.036843325849233 132 131 126 0.30416353805110885 5 1630 2 1625 1 1670 3 1591
188 0.91400086982523687 -1.4894814738547106 3.3505203327692814 101 59 52 0.12643064785104258 6 1236 2 1631 1 1351 3 1814
189 0.50035013682177432 -1.3341319097267408 3.1855631730257694 84 50 38 0.29909852022615085 5 1471 2 1635 1 942 4 1592 3 1824
190 -4.6161315994516343 -10.935731333977753 25.005791761264188 232 141 134 0.30520054178590583 5 1449 2 1638 1 1686 4 1677 3 1607
191 0.32894416278889493 -1.0901483242565568 3.2354472722307563 115 104 102 0.66903674147840331 6 1836 2 1660 1 1380 4 1624 3 1847 7 1518
192 0.32852732791537365 -1.0895469211791347 3.2349791195175626 115 104 102 0.71098646284941724 6 1835 2 1661 1 1381 3 1848 7 1517
193 1.0241153751620984 -1.1761710645492194 3.473782451672017 36 5 0 0.26993784904129453 5 1207 2 1665 1 1389 4 1851 3 2004
194 1.0241153751620984 -1.1761710645492194 3.473782451672017 36 5 0 0.26993784904129453 5 1208 2 1666 1 1388 4 1850 3 2003
195 -5.0775996528223848 -7.1152466981446834 26.088828945615422 230 187 112 0.16030093337489892 5 1241 2 1704 1 1467 4 1453
196 -5.1418997741718435 -7.0546787757682869 26.787615679228807 80 42 13 0.23636271582091917 5 1514 2 1711 1 1751 4 1739 3 1672
197 -1.1040525888172605 -7.9262591892171557 28.726977719461253 73 53 46 0.10864456129135958 6 1628 2 1714 1 1757
198 -1.4474709730936013 -7.2276418857824218 29.094831841313038 126 119 126 0.11943393365224804 6 1636 2 1732 1 1779
199 -1.4474709730936013 -7.2276418857824218 29.094831841313038 126 119 126 0.11943393365224804 6 1637 2 1733 1 1778
200 -5.8715446829035143 -5.0042549668487659 26.935538940370805 195 183 97 0.22911867201080449 5 1278 2 1748 1 1513
201 -1.2210375007615153 -1.6881418748703734 29.652003830512239 177 103 65 0.35604695926355739 6 1699 2 1768 1 1838
202 -0.71796932278151615 -1.6894316928346513 29.529428924391915 74 42 37 0.043084168936609636 6 1424 2 1772 1 1556
203 -0.34672048485908968 -1.256068880386243 30.023992906967248 75 95 81 0.17348082253725361 6 1704 2 1775 1 1842
204 -0.32109714761696329 0.93817663236731619 4.1998615123295355 176 123 86 0.72813331717177843 6 1743 2 1794 1 1551 4 1784 3 2081 7 1617
205 -0.2446902024955262 1.1267130039577458 4.0776567480597938 124 78 45 0.23161689269183125 5 1743 2 1799 1 1561
206 -0.31595333663840985 1.1957524711852612 4.1001350446616156 118 72 39 0.44910884411172408 5 1591 2 1801 1 1220
207 -0.098776384793883287 2.0744563327178742 5.3828193563489473 72 37 18 0.37944768054353872 5 1608 2 1808 4 1811 3 1964
208 0.60248761192064537 -1.0350125414134617 3.3094649512138203 105 79 61 0.32064180056691555 5 1685 2 1890 1 1693 4 1855 3 2008 7 1267
211 2.1076477845541084 1.3046215581828982 5.1938094526690426 140 139 143 0.21264816344771678 5 1590 2 1970 1 1854
212 1.2033971750888734 1.8232748673438599 5.9872351217444448 94 53 33 0.3827073183188312 5 1597 2 1972 3 2204
213 -0.137323123202308 2.1295168357113714 5.3740366394045642 102 64 45 0.52582398441783995 5 1609 2 1974 1 1857 4 1813
214 0.70504201290580426 2.1235628188839137 6.3923608537037593 182 163 149 1.8068418621115305 5 1601 2 1976 1 1584 4 1817 3 2098
215 1.2900705427668178 2.4647200998367653 6.2920556888924395 174 152 143 0.3581896105761746 5 1610 2 1984 1 1874 4 1976
216 1.0316428433718245 2.6431582531512352 5.9059132326895893 178 160 150 0.32837898319844416 6 2031 2 1985 5 1847 1 1875
217 0.88283683807637336 -1.3999676089032924 3.3422418265002904 141 100 78 0.53727643560164251 5 1657 2 2011 1 1674 3 2123
218 0.57165426175795075 -1.2729645131056624 3.2138782405671282 132 91 71 0.58730428613522301 5 1668 2 2014 1 1924 4 1833 3 2125
219 0.37972240790151612 -1.2068484310775052 3.1836005602804174 131 101 76 0.21642951128290103 5 1672 2 2018 1 1925 4 1837 3 2128
220 0.69817153845849811 -1.1285310873562686 3.288994696495565 118 90 69 0.34971596971171948 5 1679 2 2024 4 1987 3 2130
221 0.91010638851455639 -1.1493770956625844 3.3947051716626659 20 6 1 0.21698860579513063 5 1680 2 2025 1 1940 4 1989 3 2223
222 0.88809391598693943 -0.13298562020375249 5.1321564474122345 180 19 32 0.62034416608957965 5 1889 2 2054 1 1810 4 1923 3 2184
223 0.68622316709524089 0.082709340343789933 5.0848800909113807 125 9 20 0.38062364780128538 5 1816 2 2057 1 1993 4 2043 3 2186
224 0.813624894286754 0.13382283626053096 5.1230053317766338 145 67 67 0.4313958164274922 5 1728 2 2059 1 1996 4 2044 3 2187
225 1.8093594664797332 2.4663961187770966 6.2639116084990301 177 159 147 1.0560091073821836 5 1611 6 1772 2 2087 1 1876 4 1977 7 1425
226 1.084600416492411 -1.5136258378655243 3.4508245702709126 138 100 79 0.586712599282459 5 1771 2 2108 3 2215
227 0.511750512278215 -0.78881383772349778 3.5191092226797362 112 81 60 0.56778718714126986 5 1878 2 2121 1 2078 4 2110 3 2234
228 0.71340222015585841 -0.095019496518943647 5.1197176471460022 154 18 22 0.26589412717370131 5 1890 2 2141 4 2143 3 2248
229 0.75471131438196359 0.22812772813736013 5.0959878759390147 125 5 15 0.82728814571598486 5 1818 2 2143 1 2097 3 2249
230 0.35202393025157619 2.1862529522862624 5.6838656939330292 143 96 68 0.47007671492061848 5 1842 2 2165 3 2306
231 -0.48866937175379055 2.7412558809679584 5.5572059031118046 165 149 126 0.53010018677499304 5 1920 2 2168
232 1.1829940207282528 2.4135834692471123 6.2604246294802266 74 50 40 1.0194802162063121 5 1917 2 2220 1 2254 4 2239
233 -0.61849266873922237 2.8182112624798736 5.3616403966706185 167 151 135 0.88977055581980624 5 1978 2 2223 1 2256 7 1990 8 1447
234 0.54402373954823058 2.2071095677092316 5.9456644367244396 71 51 40 0.67022637523772344 5 1971 2 2256 3 2359
235 0.51728398793996133 2.6263290828032728 5.8129229308035182 86 61 50 0.83528868823165892 5 1977 2 2260 1 2258 4 2241
236 0.26970091708962612 2.8476669782484043 5.3800267847766214 148 134 123 0.91650000263711995 5 2004 2 2265 7 2014 6 2211 8 1444
237 1.5616239255862039 2.6440230607069579 5.9288019957306179 184 166 156 0.7375375362390123 5 1976 2 2266 6 2175 4 2247 1 2264 7 1931
240 0.46905705317309887 -1.3467524926220245 3.1690080918273007 44 11 3 0.52263415935657842 5 770 1 235 4 1265 2 1358 3 1517
241 1.2864773025075626 -1.5297156829020291 3.7318733813327611 39 42 41 0.34122424039991012 2 239 1 256 3 694 4 68
242 0.70252254506156808 -1.2698438371574925 3.2554303251909595 145 108 82 0.34648089103306007 2 1379 1 261 4 1280 3 1536
243 0.43107718382678661 -1.2192972742882264 3.1733844227814765 64 30 10 0.28738145368029794 2 1376 1 262 4 1286
244 0.27142088557618371 -1.1235279546365868 3.2184570734424112 7 6 9 0.33327094123873713 2 1012 6 1281 1 288 4 825 3 1560 7 841
245 1.2092192888610027 -1.2581150308511737 3.7051089812961209 84 49 37 0.43691623678372649 2 325 1 321 4 837 3 1201
246 1.2781762357601334 -1.2908037198082161 3.847998908179858 122 86 69 0.33288775574550028 2 1028 1 323 3 1579
247 1.2765467827774473 -1.2791213886073876 3.8905610065723355 67 30 12 0.64776340766757068 2 1033 1 334 4 1317
248 1.2765467827774473 -1.2791213886073876 3.8905610065723355 67 30 12 0.64776340766757068 2 1034 1 335 4 1318
249 0.26428358392452744 -0.85294622758225713 3.5319422698891967 56 20 4 0.44200622045937121 2 386 1 379 4 892 3 1605
250 -5.593932569382587 -7.3974232712534356 25.228890700052656 156 124 67 0.5601252837081433 5 837 1 436 4 386
251 -6.9550968579926344 -6.5488304343218271 25.751314834750861 81 61 37 0.33635700595792573 5 874 1 476 4 1050
252 -1.4715738125413806 -7.9427132315664792 28.648693541721304 97 82 72 0.28533526150499938 2 451 6 244 1 477
253 0.66738907837364603 -0.16921604989144551 5.0946346611126003 111 25 29 0.34203773319385439 2 584 1 559 4 464 3 944
254 0.75120146532511722 -0.18537683017638856 5.1882337492337873 137 29 38 0.32406070482381677 2 1164 1 560 4 1074 3 946
255 0.75120146532511722 -0.18537683017638856 5.1882337492337873 137 29 38 0.32406070482381677 2 1165 1 561 4 1075 3 947
256 0.79817769157667795 -0.19315107762160938 5.239802743902545 131 37 45 0.2777521356321398 2 588 1 562 4 477 3 1372
257 0.79817769157667795 -0.19315107762160938 5.239802743902545 131 37 45 0.2777521356321398 2 587 1 563 4 478 3 1371
258 0.56159770001130083 -0.077757988788479837 5.0132487470306426 98 7 10 0.1923577037391157 5 435 6 459 1 564 4 484 3 951
259 0.067358907179197791 0.750512169887251 4.2539392921514674 116 68 29 0.22303802657492725 2 701 1 630 4 1120
260 1.0982737632939008 0.52104813690254503 5.2682821555254131 213 164 158 0.3575888647627104 2 1527 1 642 4 1130 3 1759
261 -0.24485726909180261 0.96225120018787635 4.1705869142024961 153 108 74 0.43347581510540745 2 718 1 659 4 562
262 0.050507456587741473 0.97758246739798704 4.0470863073683958 172 121 78 0.81791021521968166 2 1532 1 669 4 1527 3 1955
263 -0.059949214974197806 1.0048520617752219 4.0696927476230718 154 104 71 0.84413445969691003 2 723 1 670 4 571 3 1426
264 0.0202206484234142 1.1251502219682967 4.0304718582531063 149 103 70 0.52843677286089186 2 1253 1 687 4 596
265 0.3180169377799385 1.122842812127556 3.8815358357939349 177 126 83 0.37284225956294892 2 1256 1 692 4 1161 3 1771
266 0.85526014082595103 0.89763358036320984 5.359791053555111 120 68 54 0.24544296978352753 2 732 1 693 4 610
267 -0.086339535682044555 1.1942086303622941 4.0436794624651711 153 109 74 0.45312122095966129 2 1254 1 694 3 1433
268 1.999437024420303 0.85146806646284989 4.7835245135229485 162 115 79 0.46016609668806879 2 1260 1 707 4 1174
269 -0.14791966776678933 1.3289121512667932 4.1215940548250662 120 87 60 0.69038362210319404 2 1804 1 708 3 1959
270 1.7943892401713639 0.96901929922460284 4.9680517236560364 243 232 203 1.0688821225709919 2 750 5 1038 1 720 4 628 3 490
271 1.0963237116727889 1.3011694583141704 5.659989227395319 83 45 26 0.39817023555729492 2 1264 1 727 3 1446
272 0.26441273016368488 1.6008616029584926 5.3605978106904182 90 49 27 0.4638078707683928 2 1266 1 735 3 1778
273 1.4375430850549633 1.7012509617189848 6.0966488965938925 146 104 79 0.77537973812814054 2 1272 1 747 3 1457
274 2.0955115840542775 1.566973902439091 5.3449893183824697 135 141 153 0.29552154056634755 2 785 1 750 4 1190
275 1.9439899980730235 1.6399895777847 5.3247204261220666 145 145 157 0.40390127657711822 2 1277 1 751 4 1194
276 1.5540325877583443 1.8370090914144579 6.0285644502924178 135 95 67 2.3439406366475661 2 784 1 755 4 672
277 1.0342456064002457 2.0595970271158541 6.0568935882488102 86 47 23 0.23800091927674913 5 1073 1 761 6 1504 4 1206 2 1556 3 1783
278 1.1608712235446732 2.1064109593513849 5.9871822281970335 111 71 47 0.12931853431647497 2 1282 1 767 4 1562
279 -0.22552716419916863 2.4228020241439956 5.2444402486987931 119 82 62 0.51023616881152833 2 810 1 769 4 1214 3 1788
280 1.1666252316035643 2.1824411523967622 5.9203340608620936 129 89 64 0.23653552696801569 2 817 1 779 4 1225 3 1478
281 0.45404054979971786 2.4118633425002947 5.6270985555548272 133 93 68 0.45115121532569696 2 1291 1 787 4 1229 3 1795
282 0.92284549808662542 2.5375615390451682 6.2087015103811449 163 144 137 1.0474222844748431 5 646 6 1145 1 800
283 0.92743625439241517 -1.6605452709864781 3.3816555315603418 164 113 74 0.34564990203465512 2 938 6 775 1 923 3 1109
284 0.6260754731994479 -1.5419024363125189 3.2710437825559611 178 128 85 0.10662537083011432 2 1348 1 927 3 1808
285 0.88838390511224574 -1.4550038450841392 3.3530939843272241 67 24 6 0.12642129633474089 2 1633 1 938 3 1820
286 1.2244864053572933 -1.5120822886438279 3.5883392890106238 10 14 22 0.40503538551914769 2 986 1 948 4 769 3 1531
287 0.63714729032594586 -1.3122388868027941 3.2265628682599758 146 104 80 0.47917238769300885 6 1597 1 949 4 1602 3 1827
288 1.3015041863234302 -1.5570006227153561 3.7450911842574071 180 181 171 0.23743482105567143 2 1371 1 953 4 1603 3 1541
289 0.77239088581377291 -1.3064138401480623 3.3051716925845489 145 108 81 0.54997741631452202 2 1649 1 955 4 1278 3 1836
290 -5.4459420570122701 -10.761454361465951 24.074580648020643 234 159 143 0.27462166962105378 5 1140 1 963 4 1364
291 0.12602725024327716 -1.11029072178634 3.2641148233476684 103 102 103 0.18663035190902402 2 1389 5 1209 1 989 4 830 3 1565
292 -5.9157888842919357 -8.0812824844951514 25.622230904268005 154 145 142 0.23004507032835977 5 822 1 1040 4 1430
293 -5.9668612731666721 -7.1934084994226293 25.52322651843938 203 173 113 0.13815744650144546 5 1231 1 1066 4 399
294 0.9974951652083367 -0.24715150017831067 5.4576801149015068 130 4 8 0.42815903989955401 2 1492 1 1138 4 1478 3 1725
295 0.78576111389454528 -0.012372137476866107 5.1575971632460034 137 18 24 0.42433211607773907 2 1495 1 1143 4 1490 3 1732
296 0.87402197406738869 -0.018755268476956077 5.2299366526570621 240 178 177 0.17325578106864958 2 1500 1 1144 4 1495 3 1738
297 0.8622096920761827 -0.022295290974323201 5.2667313515806677 240 178 177 0.16864647039700764 2 1499 1 1145 3 1737
298 0.61861841540466689 0.15649175458361392 5.0042797311409384 153 77 77 0.12248843919717363 2 1193 1 1151 3 1742
299 0.3307211100456583 0.31898134953328217 4.8696218548659376 87 3 10 0.32290135199952646 2 1199 1 1156 4 1101
300 0.40075865990607346 0.48249546416687961 4.8685123375102934 222 184 179 0.24028162702481068 5 507 1 1176 4 1508 7 574
301 0.02791189905328062 0.82569585061955253 4.1415211979922901 128 78 43 0.26163839943603651 2 1234 1 1192 3 1951
302 1.067962283782389 0.60409081501910489 5.2889062098182071 197 124 125 0.27410211848642746 2 1236 1 1201 4 1525 3 1415
303 1.067962283782389 0.60409081501910489 5.2889062098182071 197 124 125 0.27410211848642746 2 1235 1 1202 4 1526 3 1414
304 -0.29445160794727543 1.0286391032451525 4.1160690505908919 131 85 50 0.93384107708804509 2 1531 1 1206 4 1146 3 1425
305 -0.3962315223188948 1.1283404327526663 4.102805061517933 90 43 15 0.49572605593702318 2 1796 1 1216 4 1787
306 2.0779654398798644 0.8719192617021565 5.0601453203827917 195 143 103 0.37971941472873166 2 1262 1 1235 4 1796
307 2.091884696120593 1.301276719548162 5.1956846967188905 132 121 117 0.31626845118255159 2 1549 1 1243 4 1803
308 2.0766867481160722 1.3450723344618996 5.2055531860901176 13 42 80 0.23750473334196251 2 1551 1 1248 4 1806
309 0.25039721592954423 2.5543579915189794 5.7030811062281419 100 65 47 0.59297754522521773 2 1569 1 1272 4 1579
310 1.6259142844869352 2.3889208072927137 6.2801638922129444 129 108 97 1.3031600741768039 2 1575 1 1276 4 1581 7 655 5 1085
311 1.1996452170247909 -1.4844678063623786 3.5714639496126317 137 139 146 0.20294908160924327 2 1644 1 1358 4 1598 3 1832 5 774
312 0.11969790376953293 -1.2778891313055643 3.2179012239525351 127 86 66 0.43492065773365984 2 1639 1 1359 4 1283 3 1535
313 -5.3832578510848315 -10.874657807297622 24.830092543181784 235 151 133 0.28745726306111824 5 1144 1 1373 4 1371
314 0.9405253518648945 -1.2474044259186186 3.3939724745541686 87 56 35 0.47793634568234228 5 1188 1 1375 4 1617
315 -4.7136712719218199 -10.674308280130662 25.039972969368208 177 24 26 0.1741231106485451 2 1648 5 1455 1 1382 4 1684 3 1252
316 1.2382818703659892 -1.3440385774595867 3.7216486466872531 75 42 32 0.73597500215945699 2 1662 1 1383 4 1847 3 2002
317 0.18675630840809149 -1.0099749026480742 3.3219517063846951 36 35 38 0.39467811093627614 2 1408 1 1395 4 1641 3 1855
318 0.51887420051840583 -0.96325372830547951 3.3318846432440825 52 20 5 0.14487397985992378 2 1674 1 1401 4 1643
319 -5.9548837121127169 -8.9872910094260856 25.281906115209836 162 87 69 0.36622078437600347 5 1186 1 1417 4 1405
320 1.025076772544365 -0.9170775765267648 3.6986233906109209 113 80 63 0.96000334201097814 2 1697 1 1420 3 2145 4 2002
321 0.48400571113270313 -0.73047415482081335 3.6159885701021794 41 11 12 0.11818380016075257 2 1708 1 1430 3 2029
322 0.48400571113270313 -0.73047415482081335 3.6159885701021794 41 11 12 0.11818380016075257 2 1709 1 1431 3 2030
323 -6.3955780133805975 -6.8665208800481432 25.55862412217277 205 188 68 0.37293198836363989 5 1244 1 1464 4 1454
324 -6.3955780133805975 -6.8665208800481432 25.55862412217277 205 188 68 0.37293198836363989 5 1245 1 1465 4 1455
325 -6.3640304423739531 -6.7032582654130408 25.902122626684065 91 63 51 0.25293891062704321 5 1515 1 1472 4 1461
326 -5.4780913490253873 -6.3935696846293979 27.002995994716297 49 41 28 0.31555301771666427 5 1265 1 1481 4 1468 3 1336
327 0.72120046025135998 0.15028192313337224 5.0560625013582268 100 10 12 0.23351508425921258 5 1331 1 1530 4 1768 3 1935
328 -0.3169430712773833 0.72466408156426687 4.2938551831939229 155 104 61 0.79702494591325912 2 1958 5 1582 1 1540 3 2075
329 0.098751517571672998 0.69379143694650836 4.5273673563649508 115 12 11 0.18990003931840954 2 1961 1 1541
330 0.14511018807304171 0.79244919282615023 4.2551150323846487 130 83 45 0.26877325468664487 2 1790 1 1546 4 1781
331 1.8229965837349562 0.57684364072747529 5.0234937257345589 196 147 105 0.25855280059361868 2 1241 1 1557 4 1528 3 1766
332 -0.010624765293905214 1.2800997224043664 4.1092628625088663 92 53 28 0.43074437112218722 2 1803 1 1574 4 1949 3 1957
333 0.6406891280952961 2.1719984069919533 6.577132426619535 165 144 133 1.067995913258156 2 1977 1 1585 4 1818 3 2099
334 1.5521506231882656 1.981296387145973 6.0244543078128645 162 118 83 1.4896814055979903 2 1812 1 1588 4 1560 3 1969
335 1.0580243068868409 -1.4513343033879966 3.4488474984682078 133 101 80 0.36222535446995707 2 2012 1 1675 4 1828 3 2124
336 0.38805639569069478 -1.0642302686741387 3.2652021651798662 24 5 1 0.31558538337328368 5 1783 1 1691 4 1854 3 2133
337 0.48782223831674154 -1.0212808498704224 3.3096639655980495 92 58 40 0.19199376964624038 2 1891 1 1694 4 1858 3 2009
338 -4.3960554695087213 -10.234202031574416 25.433125331019887 143 127 144 0.15205137793336418 2 1651 5 1466 1 1696 4 1692
339 1.209110433312423 -1.1817352178595715 3.8673102489994609 70 32 13 0.20906309211939031 2 1898 1 1699 4 1997 3 2139
340 -5.0565053834802738 -9.085672323147465 25.36988942282829 231 124 110 0.20197346768422944 5 1477 1 1707 4 1889
341 0.97139851855604675 -0.86113831342251024 3.7649527512217809 48 18 15 0.32426600393459487 2 1906 1 1721 3 2151
342 -5.5162100009139712 -8.175862607809405 25.818439903308391 125 113 122 0.19428421158993628 5 1496 1 1727 4 1711 3 1643
343 -1.2165080984040157 -9.1188160760112105 28.329580868979992 122 115 131 0.072957170212455333 2 1686 6 1617 1 1733
344 -5.5602715510503682 -7.0622294744144547 26.762980167518965 92 59 20 0.27435689283783044 5 1692 1 1748 3 1907
345 0.83933982900249593 -0.40158798661520578 5.1042450747127717 189 24 34 0.40524282587551158 5 1811 1 1794 4 1913
346 0.80118347920543931 0.045927330435345387 5.1437073809020957 119 14 17 0.13566251367129281 2 1765 1 1818 4 1930
347 0.20516695765354465 1.8512793683060655 5.3629465094754041 137 97 72 0.6675002774800104 2 1969 1 1855 4 2074 3 2096
348 1.9242626960444302 1.5489142684434647 5.2534681935472776 38 72 106 0.075631936443540826 2 1975 1 1856 4 2075
349 1.0580065381934114 1.9530496299077398 6.0584998679725866 112 76 56 0.47838931901075177 2 2083 1 1859 4 2080 3 2206
350 2.244907173189103 1.7797603290609856 5.567197452666484 48 59 59 0.37341271380001911 2 1816 1 1865 4 1966
351 -5.4988312297828514 -12.245953680315592 24.237638003300155 105 89 73 0.42715275424621013 5 1626 1 1918 4 1864 2 1858
352 1.0366027909639384 -1.317630317322259 3.4630159497947162 124 88 72 0.58885713844502541 5 1671 1 1931 4 2094 3 2220
353 0.68196574160600909 -1.0653137753299808 3.3079921313267264 26 2 10 0.12862485228817469 2 2027 1 1942 4 2102 3 2226
354 -5.3772312630350143 -8.9031685799892912 25.740878536137679 140 67 52 0.31953945933592148 5 1674 1 1956 4 1891 3 1891
355 0.38248513620820634 -0.77741744073782748 3.5872616432380613 42 6 14 0.22691694701605336 2 2036 1 1959 4 2006 3 2147
356 -5.5768311189847273 -7.7759677351688694 25.604983624209989 76 57 41 0.50813783521682254 5 1786 1 1964 4 2029 3 2040
357 1.0104592574999718 0.39456820704793916 5.2179289869405912 131 7 15 0.12488597023161503 2 2066 1 2003 4 2050 3 2191
358 -0.23388708974421535 1.0488834216564518 4.16121879274833 177 131 95 0.24910759099356747 2 2072 1 2008 4 2060
359 -0.11705621488936468 1.1368228605306663 4.0532192020275879 172 124 89 0.44877274733815248 2 2076 1 2011 4 2064 3 2199
360 0.402654160026649 2.4912573522897214 5.6326053947375199 116 79 60 0.29747371614928675 2 1981 1 2027 4 1972
361 1.3200314971806864 2.6056859784653028 5.890488408179098 162 148 136 0.82838012776449843 2 2088 5 1846 1 2029 4 2088
362 0.042639510052373542 2.9576084041456676 5.2415222157530028 178 165 156 0.083466539649871108 2 2173 1 2030 4 2165
363 1.1153317200599417 -1.0459019551086168 3.8199931053669118 30 8 0 0.1387478840472729 2 2029 1 2077 4 2175 3 2231
364 0.94366826478059496 0.21320126940412257 5.2193454423330063 141 9 19 0.69345951769621705 2 2205 1 2098 4 2196 3 2292
365 -1.0530709192283934 2.2840431755378501 6.2035882254343013 173 158 139 2.0124862085306532 2 2215 5 2029 1 2118 3 2265
366 0.12130783051324218 2.1937659538852743 6.4956717214770885 149 133 122 0.90690261882653034 2 2161 1 2121 4 2159 3 2268
367 0.85984856369294094 -0.79865239482473938 3.7736686011623659 69 41 32 1.2059035084805443 2 2122 1 2149 3 2318
368 0.54883497658424973 -0.69664118974733036 3.8909110299037346 107 61 42 1.0041296267406314 2 2125 1 2150 3 2320 4 2182
369 0.98942976529331239 0.075762272071113801 5.3758004189889608 193 156 147 0.77409522750883009 2 2142 1 2171 4 2195 3 2290
370 1.0383840362544983 0.5184742580678563 5.2863873990647416 169 137 126 0.18325200746989675 2 2209 1 2179 4 2200 3 2293
371 1.0383840362544983 0.5184742580678563 5.2863873990647416 169 137 126 0.18325200746989675 2 2208 1 2180 4 2201 3 2294
372 0.60526441388919305 2.3132752021371616 6.4228280852323447 60 42 32 0.75936257312167676 2 2257 1 2191 4 2209 3 2344
373 0.96617453023281263 2.4467955395482357 6.1550792581298266 70 45 35 0.54996967353968595 2 2171 1 2194 4 2164
374 1.4151566232702701 2.3767319172258619 6.3019076076498086 65 42 36 0.34932316682167608 2 2221 1 2195 4 2214
375 1.3017648782944917 2.5219848739227659 6.2612112381730238 170 152 142 0.39546685928418296 2 2224 1 2197 4 2243
376 -0.19033396284525461 2.9314304070059212 5.2235760274611946 198 189 174 0.54664420612986575 2 2264 1 2198 4 2215
377 1.9065377943147519 2.5278594451655048 6.2463707430894964 138 117 105 0.3368456179665984 2 2225 1 2199 4 2216
378 -5.3228324262564897 -7.0951763001308006 25.395581905474316 213 179 142 0.29271211212927523 5 1942 1 2223 4 2190
379 -5.3228324262564897 -7.0951763001308006 25.395581905474316 213 179 142 0.29271211212927523 5 1943 1 2224 4 2191
380 1.8325933844288014 2.1957589582988226 6.407510468047982 189 167 150 0.27130614758173738 2 2218 1 2253 4 2212
381 0.1801566292140358 2.6252201615765971 5.6532904112694462 56 35 22 0.24689719059303969 2 2222 1 2257 4 2240
382 0.93755611750676615 2.6597360072139269 5.8501089734947076 163 149 139 0.42360997915957804 2 2261 1 2260 4 2244
383 0.027662838210245289 2.8750406509163504 5.3695693120171857 180 166 155 0.18632606672636109 2 2263 1 2261 4 2245
384 1.6758237238466571 2.5350960879712758 6.1646533923622027 209 195 182 0.55709956014020678 2 2262 5 1975 1 2262 6 2173 4 2275 2 2302 7 1980
385 0.98548609528191911 0.7201710067108853 5.3672377592034639 105 3 9 0.7616722100689729 2 2245 1 2296 4 2268 3 2355
386 2.0258855176028518 1.6549375075101094 5.4072720110554755 121 123 135 0.45616241846870892 2 2255 1 2301 4 2272
387 2.3119732532506778 2.4290078776578659 6.2949347508336952 187 169 155 1.0446975483612522 2 2305 1 2303 4 2276 7 1927
388 0.78735448974784061 -0.89995839948581968 4.6808988310718052 37 3 1 1.7577654538105798 2 2311 1 2338 4 2287 3 2365
389 0.82335769251296054 1.0922530006322155 5.3982406247478636 103 65 44 0.51024815981418492 2 2332 1 2340 4 2290 3 2368
390 0.026147384370057813 0.82432290810029207 5.1101310563845734 123 8 15 1.3884144585137101 2 2339 1 2344 4 2295 3 2379
391 1.1432292886551574 2.3882174240473648 6.6083615590438791 64 34 24 0.39758499468063496 2 2343 1 2349
392 0.85381305760906168 -0.93256412265805688 3.5239560998420294 111 81 53 1.1435327428142739 2 2344 1 2350 4 2302 3 2381
394 1.0086387367003435 -1.4215841513993159 3.4097548290953079 145 103 84 0.13527647042696292 2 223 4 39 3 1147
395 0.86051688187950226 -1.3543816746435375 3.326842408384397 137 106 75 1.5496530279145475 2 227 4 51 3 675
396 0.71520766064192376 -1.3125602805166223 3.2547299576396531 162 131 103 0.31571860335256269 2 990 4 57 3 1151
397 -16.168572344421015 -12.49025677474426 18.724729658851583 163 166 137 0.52139075979422567 1 37 4 91 3 681
398 0.69572537392944689 -1.2630519896160384 3.3028598037541488 106 76 52 0.89915753531443576 2 265 4 95
399 0.65466602317983802 -1.213382849318398 3.2323158177828963 109 78 50 0.26933842406190422 2 270 4 100 3 1167
400 -3.8884837642105303 -14.802080522240724 24.542528063352915 206 193 190 0.42252737749665997 1 87 2 858 4 105
401 -3.7634491693171022 -15.130582835251669 25.126025196892954 224 203 198 0.82484786557869105 1 89 4 106 2 859
402 1.3256526174644983 -1.4708264220866991 3.8092911790002209 124 91 75 0.50165086074758003 2 279 4 108 3 721
403 0.81760632840416003 -1.1977695901053251 3.3065836176679118 93 61 38 0.49725972830082377 2 287 4 110 3 713
404 -3.2918909127046572 -12.706149949042041 23.032528068748434 61 45 46 0.66540243089614981 2 85 4 147 3 744
405 -5.9207861856741584 -12.858555535949051 23.632186117463128 156 124 127 0.12966842565943879 1 167 2 905 4 170
406 -5.9207861856741584 -12.858555535949051 23.632186117463128 156 124 127 0.12966842565943879 1 168 2 906 4 171
407 -3.4985373936193902 -13.443809763778752 25.090234389722387 161 103 99 0.12583997386631918 2 110 4 174 3 762
408 -4.6570545910371539 -12.955379693394697 24.756231402629609 151 141 169 0.27276494855519134 1 194 2 127 4 184
409 -4.5411134517478073 -12.753491140588663 24.629089816328143 116 113 127 0.15400930726794748 1 204 2 132 4 189
410 0.25564284736801213 -0.88392058561962472 3.4541517604044714 99 67 53 0.84548002862752991 2 377 4 208 3 1227
411 -3.439488321722588 -10.929109384904921 23.999652236475175 88 75 62 0.46662392014128845 2 193 4 234 3 195
412 0.51150691599774467 -0.74303576237073055 3.5487616825329455 103 77 60 0.16104164913640562 2 439 4 239 3 1260
413 -15.212942865485823 -8.5120777327509849 19.478914004571166 128 88 71 0.17672224518844667 1 255 2 955 4 253
414 -4.0392636271603379 -9.5612565053596832 25.587561757705327 138 63 55 0.18993349345416985 1 363 2 315 4 321
415 -3.1862304748923833 -9.4765351189607916 26.139916765715189 124 86 65 0.53550028415687057 1 380 2 335 4 338
416 -4.5186900248248349 -8.9633952417037968 25.109165745731545 140 54 53 0.17162351054333094 1 381 2 338 4 341
417 -14.348185232223731 -6.7675053731306303 20.923398582533412 165 95 36 0.38283575137580417 1 373 2 328 4 349 3 238
418 -15.21145887380327 -6.860291604548947 21.554645349076086 160 170 125 0.14314974751853835 2 330 4 354 3 242
419 -15.21145887380327 -6.860291604548947 21.554645349076086 160 170 125 0.14314974751853835 2 331 4 355 3 243
420 -14.491835346695742 -7.2207579987554 22.573536228401139 219 190 153 0.35877301697089165 2 341 4 358 3 248
421 -4.9079692222774609 -8.8634266972095208 26.107401463891602 78 32 24 0.17207703871380176 1 396 2 361 4 359
422 0.14505402313904397 -0.64097769589195697 4.853560478066175 82 13 15 0.15455266453476335 2 530 4 371 3 1316
423 0.14776443671470241 -0.53958813800580707 4.8471823926628117 70 5 6 0.27665340043409192 2 546 4 379
424 -14.327865387583909 -6.4242422018931418 23.359454056243223 61 59 42 0.46794628078386502 2 379 4 381 1 419 3 258
425 -13.079529117075349 -5.6696693216790273 21.607581505946424 107 101 84 0.21154777847221798 1 427 2 385 4 390
426 -13.759569661197686 -5.5994770102811575 21.976536886035834 114 101 92 0.29362851024681086 1 435 2 389 4 397 3 279
427 -5.0879735428348969 -7.0535991656878041 25.348341005451339 187 153 92 0.17709303323227388 1 461 2 424 4 408 3 299
428 -15.022528337373153 -5.3069649940015191 22.279203937843661 130 109 102 0.087734686845254067 1 450 2 401 4 419 3 876
429 -12.984496868440866 -5.6609043292705135 23.043650675676062 185 174 154 0.44010155274053242 1 453 2 412 4 422 3 879
430 -16.488211410268384 -5.0157226915987101 22.255839483416604 98 78 50 0.25186405242386994 2 1082 4 426 1 1075 3 883
431 0.14283489596468107 -0.071266639324635284 4.8013438278098848 228 165 161 0.27342899271681337 2 578 4 463 3 939
432 0.6693961095244122 -0.17011144449953297 5.0904042481304472 118 25 28 0.19950933163422357 2 585 4 465 3 945
433 0.76175336719027498 -0.18379003370915947 5.2507051850124213 252 210 205 0.20267039287139119 2 590 4 481
434 -4.8934626408135555 -5.5119857669338659 27.213248904090705 144 89 90 0.16366464580608567 1 1121 2 1121 4 492
435 0.394782421044926 0.46762528366155431 4.9552378412483611 91 13 21 0.35034336924826631 2 666 4 530 3 990
436 1.119693758781279 0.37641138209202185 5.2460961472998902 145 28 40 0.32613618926190974 2 1217 4 539 3 437
437 1.0982934249296075 0.57408340579014117 5.2795717512297919 126 25 29 0.52485826151844461 2 708 4 559 3 1019
438 1.0152063881363174 2.2286148527373397 5.9027421864087186 153 116 89 0.2775945749241901 2 818 4 714 3 1477
439 -4.1722177535142757 -14.758918484691405 23.436057637703556 108 80 74 0.35167941037052058 1 847 4 779 3 1157
440 1.2793835016776183 -1.5021642038182814 3.68381775635096 70 95 105 0.33135945028003094 2 242 4 791 3 1161
441 1.2110710436401559 -1.3780236505300394 3.5514109493004216 52 65 81 0.44410633005582528 1 272 4 807 3 1176
442 0.27069329122755964 -1.2189686416557093 3.2013300707042074 99 78 68 0.25615762992200858 2 254 5 792 4 812
443 1.3352070677187675 -1.4558881699172099 3.8321264882283268 65 30 11 0.23956273180010348 2 286 4 818 3 726
444 1.2599194469524322 -1.3061834888228794 3.8057743635879593 112 76 64 0.42779180310851556 2 324 4 839 3 1203
445 -5.1393889077167128 -12.712643606288761 23.055523766769642 128 114 96 0.13360633034476332 1 158 2 86 4 843
446 -5.7754683271229021 -12.849736740601537 23.365618894245159 99 68 62 0.21362849512062351 1 159 2 87 4 847
447 -5.6946523105866813 -12.786790780927987 23.644732573353949 156 124 130 0.33369356639202191 2 908 4 855 1 172
448 -4.5372108294379832 -13.048527069419647 24.275831520915471 129 114 130 0.5611040047960536 2 103 4 858 3 759
449 -4.2543952845393269 -12.863467060706748 24.085515440297169 134 121 148 0.39585921958208431 1 917 4 861 3 761
450 -5.5814542647955179 -12.717414470164092 23.78843674290475 112 79 69 0.16534172388032714 1 184 2 915 4 862
451 -5.5341276191974842 -12.728685315742412 24.208286456251916 176 141 110 0.58122777465782371 2 1341 5 684 4 870
452 -4.0477659822555578 -12.721562593349235 24.661033616717635 176 179 198 0.16789320883770656 1 924 2 926 4 876
453 0.24549942161389937 -0.86059879542160933 3.5116907462724791 93 59 49 1.0123093852852856 2 1059 4 891 3 1240
454 1.0373366961986923 -0.93404118595963526 3.7714799724213073 50 26 18 1.0484123088854758 2 407 4 896 3 819
455 -14.177325659372331 -8.9561252416666797 19.054628428726652 104 74 45 0.25313912482723261 2 945 4 898 3 788
456 -14.129833534853804 -8.3262588667515143 17.972885392423702 255 215 191 0.3296675543706224 2 162 4 900 3 1220
457 -14.414008250073682 -8.5151693280444611 18.595883371266204 227 150 131 0.20072209812851113 1 238 4 908 2 166 3 795
458 -14.232766142158367 -8.6993931795908281 19.174979055550686 141 114 71 0.37475027228393298 2 952 4 911 1 243 3 796
459 -4.0368685025348992 -11.282200880955601 25.252585595755715 96 74 60 0.40977038012449679 1 271 2 973 4 922
460 -14.512570245240383 -8.3577597119133085 19.129051986909271 141 99 72 0.17438803308369152 1 258 2 956 4 927 3 799
461 -14.308702984077993 -8.6310611464022795 19.758480266318159 146 129 88 0.38465663546328327 1 259 2 183 4 929
462 -4.0518734078526979 -10.814556284486116 24.689134028382242 121 74 61 0.24437840307536943 1 283 2 222 4 930
463 -5.7924397157912395 -10.609136891387834 24.436369680797831 241 156 146 0.2861005405228314 1 980 5 1149 4 933
464 -14.575602525967481 -8.5719374263281285 20.017061992345234 93 82 56 0.26546775090442076 1 962 2 961 4 935 3 804
465 -3.2387512926492379 -10.976027658928919 25.419307839747816 196 101 98 0.19019774902189257 1 295 2 991 4 937
466 -4.1492651634427906 -11.009560374615528 25.491914562157739 228 116 118 0.30614351480618307 1 985 2 989 4 941 3 1248
467 -15.579978235484342 -7.7216184134982306 19.403357193893104 142 142 132 0.050715535122808096 1 987 4 954 3 1249
468 -4.6221908502507851 -9.8077251851350677 25.43425467704488 139 86 71 0.43420463830915573 2 305 4 961 3 845
469 -5.3252973780415012 -9.0071817032892323 24.431863266003731 247 214 195 0.28870715546881126 1 362 5 1179 4 966
470 -15.3857319789863 -6.4906171723070427 19.539662282217268 127 61 5 0.18806867248306205 1 1009 4 972 3 848
471 -15.128594813151244 -6.8386484106069316 20.544460071625377 42 68 2 0.19263166975826312 1 1010 2 311 4 973 3 851
472 -13.83406043617849 -7.0080573960941406 20.881758735918584 102 126 64 0.3229236440640641 2 317 4 974 3 852
473 -16.337705017744138 -6.5641903433239888 20.451333772339879 79 72 25 0.44185643532192564 1 367 4 983 3 237
474 -14.511089567128545 -7.0213878733604735 21.427204533557152 204 178 100 0.178798739009668 1 1015 2 1021 4 984
475 -14.264066300677097 -7.2322038636884693 22.163443431665513 163 83 20 0.30627487402384557 1 1021 2 1023 4 986 3 857
476 -3.353571512839677 -9.1904075218737624 26.952975054572743 89 72 49 0.22178579344221347 1 402 2 1045 4 987
477 0.70893573770297769 -0.67677465473397691 5.0112201157734768 146 94 93 0.21993122087245079 2 1137 4 1004 3 1331
478 -5.4365399366756302 -7.9753101267449313 26.941728122484129 157 122 79 0.38488740033676117 1 1058 2 1067 4 1014 3 873
479 -4.2773370802073636 -7.8324397946610773 26.566202350921383 169 164 172 0.12559091190373242 1 1060 2 1069 4 1018
480 -5.1809155116854022 -7.522599348041763 26.404078856331378 192 146 90 0.36985261605739761 1 455 2 1078 4 1025 3 880
481 -4.374786105956038 -7.5761588508659568 26.486137438914227 123 103 101 0.25471731187242602 1 1072 2 1081 4 1026 3 882
482 -12.960380580501237 -5.7515967426120422 22.672976759004442 103 93 74 0.32599709814018968 1 438 4 1030 3 874
483 -14.139264432175715 -5.1454548026645082 21.560064615264384 108 93 89 0.097277285813683084 1 451 2 1075 4 1031 3 877
484 -16.660790587380351 -5.279053596225971 22.570071667228849 176 157 125 0.068554246096997146 1 1062 2 1072 4 1035 3 1305
485 -16.620626843093504 -5.265473081366661 22.520244585415004 176 157 125 0.032817312449748622 1 1063 2 1073 4 1036
486 -15.809774602073682 -5.1246674073369363 22.128389139129094 194 176 136 0.24476270901976038 1 1070 2 1077 4 1041 3 1306
487 -14.080187748399061 -5.5768409378944774 23.231814402649967 123 106 88 0.23979209977973237 1 1458 2 1440 4 1042 3 1308
488 -3.0969676026359885 -7.2660471925833177 26.376783160455506 148 132 129 0.25038800712123094 2 1092 4 1044 1 471 3 891
489 -15.550802441239012 -5.1372502622838896 22.245046363303359 232 209 175 0.1161547019446416 1 1071 2 1080 4 1045 3 881
490 0.13350021874706614 -0.032923367712486495 4.7841792826000882 154 26 31 0.21052251236430422 1 1136 4 1072 3 1369
491 -16.825490309068435 -3.3300382179511385 22.598613319824207 85 55 57 0.19268577866682976 1 1108 4 1079 3 342
492 -4.3063037252902818 -5.2877105440849945 26.159157744358779 194 133 130 0.14938692551987287 2 1122 4 1081 3 1353
493 0.84019651676046059 -0.035141707991144078 5.2053142772869521 130 19 29 0.094192956467315667 2 618 4 1090 3 1379
494 -2.6747725131985547 -5.6095352456509628 28.531289094850585 57 64 86 0.2271475578357014 2 540 4 1091 1 554
495 0.27888748190734636 0.26081220551467049 4.9291440152748525 77 21 28 0.2236985696771919 2 639 4 1099 3 1394
496 -3.2010823905279762 -4.0654498971168547 31.396041086841826 58 51 52 0.26569765933620987 1 577 2 1152 4 1112
497 -3.1380579358713225 -3.7666793897669932 30.289559671027167 11 1 0 0.24402182708990164 1 1155 5 938 4 1116
498 -3.5199861486562902 -3.0660181908816559 29.643319173897705 49 24 27 0.23838777251780896 2 1161 5 950 4 1123
499 -0.1191252197899233 0.96004331593179171 4.0962675240731539 157 111 75 0.68841999630328332 1 660 4 1139 3 1421 2 719
500 1.9017452457612714 1.2540136630967043 5.0852880580966273 39 27 26 0.21463553432028362 2 769 4 1184 3 1451
501 1.9053071051290109 1.2861951174740938 5.1054292016356442 103 93 88 0.14448058802302355 2 772 4 1186 3 1452
502 1.5868886753697771 1.9145336194851805 6.016007752433457 119 78 56 2.0294476091736438 1 763 4 1209 3 1968
503 -0.1860168093304374 2.4002307671444267 5.0542009469561444 143 111 88 0.56234845753128238 2 820 4 1211 3 1471
504 -0.1860168093304374 2.4002307671444267 5.0542009469561444 143 111 88 0.56234845753128238 2 819 4 1212 3 1470
506 1.3687178594643179 2.1169825315469963 6.0134325741217207 111 73 52 0.42495830467799878 2 811 4 1221 3 1474
507 0.7668357701413604 -1.3983351672939239 3.2727115199087828 187 147 121 0.53607340048152374 2 1362 4 1256 3 1518
508 1.1628505842693801 -1.4838249657910851 3.5416987344688033 21 32 44 0.21327591924738462 1 951 4 1272 3 1530
510 1.213041910309866 -1.3932132626762637 3.6241360743125464 47 65 79 0.45985923835083636 2 1385 4 1293 3 1553
511 -7.0088897123408582 -13.291143937772436 22.185174211317843 190 193 197 0.18467178043740609 1 1308 4 1300 2 1309
512 1.1337351668517373 -1.2446072305594083 3.5977250610370213 83 45 39 0.16779775657470922 2 1396 4 1305 3 1572
513 0.57130603651626422 -0.96483606604604144 3.3135620121971727 120 94 79 0.26949814248354415 1 1006 4 1319 3 1583
514 -4.798389453937804 -13.148647346289964 24.644528768428579 78 66 81 0.22197755797595567 1 916 2 916 4 1322
515 -4.2970005553624819 -12.082918728737866 25.013033583190563 69 72 61 0.35297941666933075 2 1349 4 1343 1 939 3 1221
516 -14.292146687195673 -8.7415663893543556 19.475473925633036 238 210 156 0.19266159955636439 1 1357 2 1353 4 1363 3 1230
517 -4.6305423559563694 -11.133846325919933 24.860537672528917 111 74 59 0.23471703554653334 1 966 2 971 4 1365
518 -3.9846614239828142 -11.089374635269767 25.561758635634682 165 40 42 0.33528834576378486 1 1376 2 1369 4 1374 3 818
519 -15.110864081586385 -8.0172164846711489 19.443628605567032 73 64 48 0.17940086372135292 1 1371 4 1379 3 1246
520 -14.597791079882731 -6.806926718047932 20.108631621582894 175 151 89 0.1758897635459957 1 1407 2 1393 4 1403 3 1271
521 -13.874903078826478 -7.2512014584961557 21.595926030737747 254 206 67 0.12675283484954067 1 1409 2 1397 4 1408 3 1276
522 -15.984924860309034 -6.6268999731822706 20.536271678592509 73 45 22 0.13888096115409071 1 1412 4 1410 3 1277
523 -14.113372280057305 -6.9226049044307718 21.306519131508477 57 73 18 0.2138715519144129 2 1404 4 1413 3 1278
524 -14.113372280057305 -6.9226049044307718 21.306519131508477 57 73 18 0.2138715519144129 2 1405 4 1414 3 1279
525 -15.345706692139256 -6.3212073064117345 20.575888332034136 68 61 53 0.2229364542668279 1 1419 2 1410 4 1417 3 1285
526 -4.2629737825860463 -8.8886097864062972 26.990599224425861 66 57 53 0.44554021057950521 2 1424 4 1422 3 1292
527 -4.5003371965676662 -8.353012377617187 26.305049397066036 144 143 149 0.16220609232801717 2 1055 4 1432 1 1042
528 -12.840670706151005 -5.9051213658529651 22.581682538011918 242 235 219 0.22838398779938801 1 1450 2 1433 4 1443 3 1653
529 -14.273111996382179 -5.3684545550739058 21.60970679563447 69 59 59 0.23790772337455468 1 1057 2 1435 4 1447 3 1302
530 -13.105008180370886 -5.4555664122179559 22.073177707704257 70 57 38 0.49074061462462309 2 1695 4 1451 3 1660
531 -14.67654499221659 -5.4354481779028418 22.790222641523822 106 85 75 0.34562097502475614 2 1439 4 1456 3 1307
532 -14.924840935659994 -4.9765161056265965 23.040092512868775 60 55 56 0.1978228896773789 1 1471 4 1464 2 1448 3 1312
533 -16.494402587890946 -3.7435787764218333 22.617679147352778 79 69 67 0.13933769705812968 1 1487 2 1729 4 1474
534 -15.823101499278389 -3.3484929619804764 21.592818633207322 225 226 221 0.13829252828150287 1 1489 4 1475 3 1695
535 -15.917306402669722 -2.9826873081768519 21.66606675328433 171 118 129 0.711236751923637 1 1496 4 1482 3 1347
536 0.7128348033956089 0.031438534793212708 5.0804969394748491 123 23 31 0.17503453817402922 5 980 6 1037 4 1494 3 1736
537 -2.80299297188047 -2.9623727506317108 30.65070269810667 23 23 15 0.4544905848497402 2 1168 4 1518 1 603
538 0.16190580151008105 2.3424072094920385 5.3679842180625243 133 98 80 0.5375189124753107 2 1565 4 1565 3 1972
539 -0.15870630633764327 2.4317183587483941 5.2604896403298467 71 41 28 0.18593929853486527 1 1265 5 1400 4 1567
540 1.1671427154913916 2.1826850155451032 6.0526528713273988 83 43 23 0.22575311946215268 2 1284 4 1571 3 1790
541 0.24317275649133852 -1.1900245746865972 3.1821769337463484 27 14 12 1.4686739086046892 1 961 4 1615 3 1838 7 1246 8 942
542 -3.7258020325079038 -13.791396102390172 23.595560236938145 161 162 182 0.15105305382524772 1 1632 2 1598 4 1623 3 1561
543 -6.4795525817436257 -12.410053255722296 22.060580975049383 250 236 235 0.16306268860272535 1 1642 2 1609 4 1630
544 0.32515004789475976 -1.0498788323531367 3.2648859281669651 122 112 110 0.14822708378925506 1 1390 4 1633 3 2005 7 1266
545 0.32515004789475976 -1.0498788323531367 3.2648859281669651 122 112 110 0.14822708378925506 1 1391 4 1634 3 2006 7 1265
546 -3.6337853098026294 -12.932073377970761 23.388451423590883 231 225 230 0.28834959498299451 1 1646 2 1613 4 1635 3 1850
547 -15.371854003906543 -9.8884676252673067 17.994330032348806 95 46 48 0.084628313791501888 1 1647 4 1646 3 1574
548 -3.7294868495447879 -11.021964521782348 24.166945652883712 211 201 185 0.25015742106235317 1 1368 4 1666 2 1355 3 1599
549 -15.948518188448661 -9.1215437798062986 20.291666494967444 123 61 39 0.40829801423964146 1 1677 4 1668 3 1597
550 -16.198813797369091 -8.1109678894720947 19.81572682257487 67 64 46 0.64016080211338866 1 1932 4 1687 3 1868
551 -13.92500009298076 -7.2651252844216065 20.274184374985481 214 219 196 0.10399774582966172 1 1403 2 1656 4 1696 3 1616
552 -14.456390394102552 -7.229497498192079 20.882462748427198 77 66 39 0.31867496547077206 1 1701 2 1659 4 1699 3 1622
553 -12.325261719545496 -6.6824854817656911 19.357085781423745 67 64 23 1.2243760506495991 2 1392 4 1700 1 1008 3 1884
554 -5.8877443319009899 -8.8490154133718537 24.459174412354329 223 146 134 0.21551323794886409 1 1702 5 1665 4 1701
555 -3.9906620348851485 -8.3071644034083754 26.103372681173337 117 115 119 0.26310570109123721 1 1728 2 1682 4 1712 3 1646
556 -14.535729488932155 -6.4441025073553853 22.317206341042763 53 63 63 0.19062593491595123 1 1725 2 1678 4 1713
557 -14.861513864352894 -5.0643664290669115 20.111635843294742 226 223 213 0.22923766036710974 1 1444 4 1718 2 1689 3 1649
558 -14.294846635299749 -5.5465858973783453 21.568383889580829 227 226 227 0.10653724841485812 1 1448 4 1719 3 1650
559 -14.294846635299749 -5.5465858973783453 21.568383889580829 227 226 227 0.10653724841485812 1 1449 4 1720 3 1651
560 -3.9568711010530535 -7.7982742858362393 26.503321931010163 67 49 39 0.16423891648810279 1 1739 2 1696 4 1721 3 1658
561 -13.156193264437935 -5.7612223838121608 22.40571240212978 162 151 126 0.28030858137086795 1 1736 2 1692 4 1723 3 1655
562 -15.554741172914818 -5.3092879775048827 21.756333125056518 90 73 42 0.19087233965169736 1 1737 2 1691 4 1728 3 1654
563 -13.907549815994589 -5.6271093059451189 22.696295405810456 121 104 86 0.24178445989715402 1 1455 2 1694 4 1729 3 1659
564 -4.286717136368547 -7.2756508856512028 26.494850595965069 94 49 34 0.19055573348002403 1 1469 2 1706 4 1736 3 1668
565 -13.288331093474735 -5.5615545343126191 23.19734961940016 64 47 33 0.19118264674326171 1 1461 4 1737 2 1701 3 1665
566 -15.298225935887656 -5.1327617142589528 22.402304242278557 61 40 23 0.10358144634604553 2 1698 4 1738 3 1664
567 -16.254930979179093 -4.259627556812446 21.248602265643807 66 57 44 0.14256747298584985 1 1749 4 1740 3 1671
568 -15.86016702196344 -4.343060105314569 21.844103253573959 143 155 169 0.23678989988480062 1 1752 4 1743 2 1713 3 1909
569 -15.473655580601195 -4.7682829702328631 23.250639694831758 145 151 163 0.54637724322109693 1 1754 2 1715 4 1744 3 1910
570 -5.0747384601628669 -6.6491860851839828 27.244574993557574 45 35 30 0.47666522852787513 1 1768 2 1914 4 1748 3 1916
571 -4.3181606452983159 -6.5653611623844821 27.311600725927359 129 138 153 0.22271652407201703 1 1775 2 1727 4 1752 3 1686
572 -15.784940872288155 -3.7192344582367314 22.468624439623188 99 76 76 0.39755022980665117 2 1730 4 1757 3 1693
573 -4.3823098078487153 -5.7772244830476032 26.975151009711038 113 57 54 0.24251797914436202 1 1788 2 1737 4 1759 3 1697
574 0.92062340360270634 0.020767201909753785 5.2448121704892463 158 26 36 0.48164604019255775 1 1529 4 1767 3 1934
575 0.96367239335928434 0.14727568597663387 5.2473241243662523 154 23 37 0.4402660146748924 2 1953 4 1770 3 1937
576 2.2716933554308505 1.4430576730397733 5.4126841553974652 56 59 86 1.1788169214510862 1 2018 2 781 4 1809
577 0.24087767527935078 2.0928882421621084 5.513873123134605 111 74 46 0.81806738279544466 1 1255 4 1814 3 1965 2 1554
578 -3.9046446205585852 -14.196605926656018 22.218656898124365 87 70 50 0.46666040908375578 1 1882 4 1829 3 1833
579 -6.612500999699364 -13.392686041296539 22.428810317522426 172 176 187 0.12421147963434653 1 1623 2 1824 4 1845
580 -5.1808768109373826 -13.639324516745303 23.081251119643888 171 171 185 0.13903318651743093 1 1627 4 1846 2 1593
581 0.18341550245513649 -0.96928198126931797 3.3290360959505727 18 14 16 0.75241405936186734 2 1670 4 1862 3 2015
582 -3.9422143044963081 -12.138387698855984 24.826408877538125 148 154 169 0.32307742643736526 1 1669 2 1862 4 1869 3 1860
583 0.71322876999256957 -0.7314926630047095 3.5358097344111079 109 86 65 0.79044358451396679 1 1724 4 1875 3 1875 2 447
584 -4.137701551122424 -10.411060438344192 25.871156911971866 132 138 152 0.071158580309696115 1 1949 2 1881 4 1882 3 1880
585 -15.603512618020362 -6.4974686684637231 21.611796668348113 68 60 31 1.0110425101621316 1 2080 2 2028 4 1895 3 2158 4 2127
586 -16.35657387942712 -4.8235238936394804 22.156498789920867 117 104 92 0.82588775431837347 1 2087 4 1909 3 2047
587 -3.5910123857549712 -6.8137691792334829 27.683513196135294 39 39 32 0.2637236485856157 1 1979 2 1915 4 1914 3 1918
588 -4.9609514695230432 -5.9536359939004253 26.878676406525663 78 82 69 0.31071761725844249 1 1784 2 1734 4 1921 3 1922
589 0.989919851973317 -0.093191563273431588 5.1396016747083815 201 177 164 0.13819638630034722 1 1812 4 1924 3 2067
590 0.989919851973317 -0.093191563273431588 5.1396016747083815 201 177 164 0.13819638630034722 1 1813 4 1925 3 2068
591 0.85595147785185133 0.049759238792116328 5.1837579058076138 144 14 21 0.1073593463685918 2 1950 4 1931 3 2072
592 -3.077350739728415 -3.9575669750175382 31.621935936520916 95 44 17 0.23246271060575396 1 1998 2 1940 4 1935
594 0.34954027706366841 1.6147784109668279 5.3805147647344844 99 64 42 0.38855522928012881 1 1851 4 1957 3 2093
595 -0.30272478479958098 2.2615259684583027 5.2824420589443672 145 107 71 0.46857800255113324 1 1860 2 1978 4 1961 3 2102
596 0.14966462452594981 2.2188503645805406 5.3628680155130066 128 91 72 0.22111634766798136 2 1979 4 1962 3 2103
597 1.9956008543277357 1.7614124137401919 5.4597009969713373 132 154 183 0.2323146721914065 1 1862 2 1814 4 1964 3 2106
598 1.8325591447148044 1.8636637487147825 5.4728147748312299 58 71 76 0.28202773484418747 1 1864 4 1965 3 2107
599 -3.6892237402052492 -13.60134837876562 23.974688061959913 69 50 52 0.41366480605422085 1 2045 2 1995 4 1994 3 2000
600 -4.0125552824388135 -12.925574825356865 24.105259260391605 87 70 88 0.19219292926969714 2 1997 4 1995 3 2010
601 -4.1434452986115344 -12.621831203379841 24.327981295153144 185 191 193 0.23381113944106555 1 1914 2 2003 4 1998 3 2014
602 -14.498509924986068 -8.4695758083545485 17.972704626723207 244 211 179 0.34794022551222287 1 2063 4 2003 3 2020
603 -14.498509924986068 -8.4695758083545485 17.972704626723207 244 211 179 0.34794022551222287 1 2062 4 2004 3 2021
604 -3.6768625967861075 -10.810226094877471 25.415070848814121 199 139 123 0.15483514390704911 1 1936 2 2016 4 2010 3 2026
605 -15.099334664609001 -8.1244940696005532 20.075664087469292 66 58 45 0.20381955894220496 1 2066 2 2013 4 2014 3 2025
606 -15.220340703524272 -7.2889286699125506 21.29842652456534 60 49 17 0.18726523555826036 1 2075 2 1885 4 2019 3 2033
607 0.1395355743849257 -0.57140857750092489 4.7767492062924219 134 109 100 0.30087445607961993 1 1977 4 2026 3 2165
608 0.1395355743849257 -0.57140857750092489 4.7767492062924219 134 109 100 0.30087445607961993 1 1978 4 2027 3 2166
609 0.70461080794677744 -0.63337492900472669 5.1410831000272585 126 5 16 0.24569772464609638 1 1984 4 2030 3 2173
610 -4.77883070544293 -7.8292072421110852 26.715488407657801 245 117 83 0.27166424061789318 1 1966 2 2034 4 2031 3 2043
611 -3.8845080112082879 -7.3103106968602907 25.979954177758369 245 206 200 0.32123671435830281 1 1970 2 1905 4 2034 3 2046
612 -3.7988662549071117 -7.220263994760133 25.672172380296399 245 206 200 0.25673740823160068 1 1969 2 1904 4 2035
613 -3.7689087884194361 -7.1256207167431418 26.656827143327444 71 38 26 0.22066312904047866 1 1974 2 2038 4 2036 3 2048
614 1.1949634675121703 1.8312375956604701 6.0155199768745966 91 57 38 0.67488460678032547 1 2019 4 2078 3 2205
615 1.0949536303445142 -1.3604542843766354 3.4860454895272914 51 30 22 0.41463500394123454 1 1927 4 2093 3 2219
616 -4.3516906157509796 -13.560434447254231 24.086761488700972 49 40 48 0.29322704542205574 1 2128 2 2098 4 2100
617 -5.6866102342227949 -10.773667822298075 25.272721667048447 131 68 53 0.81257733399570409 1 2144 5 1769 4 2113
618 -15.072036526591402 -7.0685936762048849 20.337582700836958 120 168 69 0.18650000125376304 1 2071 4 2124 2 2114 3 2152
619 -3.9962595935571912 -9.3342898471373204 26.754089709206845 98 21 25 0.32367961897783537 1 2148 2 2118 4 2126 3 2157
620 -14.795702984420776 -5.0152997080379871 21.992498793883829 60 40 30 0.32781523596797452 1 2152 4 2135 3 2161
621 -0.04473605948331516 1.0702074371396408 4.0804492629165896 117 73 38 0.53492560341940232 2 2152 4 2150 3 2298
622 0.22898884353659782 2.0091852852103629 5.4712433397082769 132 95 69 0.406940586182233 1 2119 2 2082 4 2155 3 2270
623 0.1259330635106648 2.1193992909969634 5.418731135712604 94 61 38 0.42627333791456062 2 2163 4 2158 3 2271
624 0.11434838296648592 2.1959133043342551 6.5007846257762232 156 158 150 0.5493191802125863 2 2162 4 2160 3 2267
625 -5.3968408645633517 -10.854951988607082 23.00849308685935 78 72 46 0.36411736247423637 1 2212 5 1925 4 2177
626 -15.920952451715523 -6.6667926085798213 20.658613218219767 95 69 40 0.28266127429947457 1 2218 4 2189 3 2238
627 1.8325933844288 2.1957589582988231 6.4075104680479846 202 189 183 0.27130614758173527 1 2252 2 2219 4 2211
628 -5.009062291814022 -12.068150699988037 25.267175313914937 86 82 55 0.08347106853537839 1 2315 4 2253 2 2271
629 0.25505891381484458 1.154498231661802 5.1923752852631457 121 84 58 0.37813048146392819 2 2295 4 2284 3 2363
630 2.0605495366321729 1.1346626628520049 5.218645163381689 9 31 80 1.8610037394736569 1 2348 2 2346 4 2296
631 0.42608111857904435 -0.68019274725507384 4.8676221519096146 50 17 10 0.78956577395589156 1 2360 4 2304 3 2384
632 1.2391081443122829 2.7711661928900377 5.6425283066811458 230 229 224 1.2256220811325476 1 2356 2 2354 4 2306
633 -4.9487524376512626 -10.698742881946268 25.000931428224462 182 119 101 0.38999021242197424 1 296 4 273 3 209
634 -4.5908701791328372 -10.903346794182806 24.92481706609135 254 159 146 0.19686696371234447 1 1687 4 1678 3 1608
636 0.069582004873210423 1.2900605530834088 4.0981628412557711 253 238 223 0.2946383339449446 1 1848 4 1952
637 -3.0679868839322095 -13.579626235317088 25.896078636640606 230 127 131 0.73005140238896649 1 195 3 175 2 124
638 0.21364051736505263 0.26305467569098551 4.8807731815220468 200 160 163 0.22309576191331792 6 531 8 386 7 549
639 1.2475276622831313 -1.5561388252030466 3.6426884936588779 65 86 107 0.40185962108406242 2 984 4 38 3 667
640 0.67339894341793427 -1.1685752884305409 3.2789831571171653 100 72 51 0.7711226130682215 4 115 5 217 3 716
641 0.93154837457479445 -1.2249170385795529 3.3896817532591519 130 102 81 0.4575231578927384 2 298 5 208 3 720
642 -14.895027697543462 -10.291067253533946 18.252864746614318 158 135 130 0.17467280746933891 1 890 3 740 2 885
643 1.2132907654311391 -1.2035770511020369 3.8024723178082187 128 98 87 0.24651763935560281 2 352 4 177 3 776
644 -2.8599361628864548 -12.567974968941293 25.226311966318452 85 91 89 0.46597522481387976 1 932 2 1347 3 783
645 -5.6454877888994801 -7.3687196860469673 25.609000566323079 149 136 68 0.21932943433273211 4 1019 3 875 1 443
646 0.40167772946735225 0.44117465236867137 4.8608932902835864 88 19 30 0.62672801707237735 2 662 3 985 7 572
647 1.9761045305155052 0.95579314390631998 4.6936810848361139 128 102 83 0.59609398573210992 2 756 4 1177 3 1053
648 0.54826719497228849 -1.6949907726514337 3.3236976124624671 228 187 141 0.23649757585541309 1 183 2 928 3 1099
649 0.57451382474372548 -1.6816436710156291 3.3307096856629506 175 133 95 0.11090715958091825 1 186 2 930 3 1103
650 0.93148855406698849 -1.5163154459223227 3.3470145422472193 83 40 33 0.77694996112318204 2 954 6 799 3 1125
651 0.67594247394553708 -1.3638894821187755 3.2574676822774302 149 109 84 0.21759986012761834 2 1366 4 35 3 1144
652 0.64034241739885056 -1.1984046425646513 3.2535874470624417 142 111 91 0.40638032486277603 2 280 4 814 3 1178
653 1.1669086499463748 -1.1715308921638239 3.6257561994286833 62 25 19 0.33210742471559446 2 345 4 844 3 1208
654 -3.5999232328653186 -11.294613601043332 25.466600681456551 144 84 79 0.18777520256661129 1 975 4 1368 3 1243
655 -2.7480655630878217 -11.064352478769862 24.96320405691014 81 71 69 0.23532749824967736 1 1370 2 1367 3 1244
656 -5.7800768108391178 -7.2569349798188618 24.870237045807635 171 155 106 0.19122278465592588 1 1452 4 1439 3 1301
657 -0.22483056861216488 2.4679643351429874 5.2281345829093517 116 83 66 0.48512759847514592 2 1286 4 1219 3 1475
658 1.1628505842693801 -1.4838249657910851 3.5416987344688033 18 32 48 0.21327591924738462 1 950 4 1271 3 1529
659 -15.765860931843784 -10.584469036851047 18.225079653163359 128 86 88 0.044733089291739782 1 1638 4 1637 3 1564
660 -14.955022171400564 -9.2896853848609737 19.575429437397464 181 148 133 0.31033772657285763 1 1667 2 1623 3 1589
661 0.54415893702447282 -0.65948145419439375 3.5542777106442722 114 84 60 0.47233401804541297 1 416 4 1375 3 1621
662 -5.0634154684294437 -8.181637699241028 25.294512736066107 82 82 74 0.14356773857761798 1 1726 4 1707 3 1641
663 -4.1024543769471249 -5.5341112508556263 26.893523490780932 249 204 207 0.3106899125480046 1 1504 2 1476 4 1761 3 1708
665 -0.17053275872337259 0.15334415040234556 5.5250264296247948 101 19 24 1.2305423068658436 1 573 3 1739
666 -0.1093611061253732 0.81390608249233398 4.1672251668240037 132 90 58 0.59402462015360158 6 1738 3 1757 7 1610
667 -14.798832282544021 -8.3728616512056213 20.463586433210374 83 87 65 0.62815186887789254 1 1934 2 1875 3 1869
668 -14.798832282544021 -8.3728616512056213 20.463586433210374 83 87 65 0.62815186887789254 1 1935 2 1876 3 1870
669 0.94912853968696242 -0.86133531631456217 3.6935884173764446 127 105 92 0.50903651173158737 2 1444 4 1660 3 1872
670 -3.2482076260604691 -10.504023969576849 25.82427848561322 83 86 68 0.32658151536627061 1 1947 2 1879 4 1878 3 1876
672 -4.7363728952905628 -5.7559935143283631 26.115059562959484 97 102 96 0.058096868786356282 1 1785 4 1920 3 1923
673 -3.5486294723438725 -13.290603893878002 23.42869955610152 73 58 69 0.35077329707269039 1 2046 2 1996 3 2001
674 -2.9421535201349998 -12.709286267130285 24.243452313183674 254 229 223 0.30022884022821578 1 2054 2 2001 3 2012
675 -2.9421535201349998 -12.709286267130285 24.243452313183674 254 229 223 0.30022884022821578 1 2055 2 2002 3 2013
676 -15.699659204587933 -9.4564606870600549 19.01154133747276 83 79 61 0.18584101045759097 1 2057 4 1870 3 2017
677 -3.4412060959860531 -12.600501172149727 23.830112774262258 94 59 65 0.32222383824485767 1 2134 2 2103 3 2135
678 -3.4412060959860531 -12.600501172149727 23.830112774262258 94 59 65 0.32222383824485767 1 2135 2 2104 3 2136
679 -4.3681006285673458 -11.865463947138602 25.116349082468705 82 87 71 1.014955773549175 2 2189 4 2108 3 2140
680 -4.0355858580428894 -9.5545672760059297 24.945964759225351 100 92 73 0.09898656542937373 1 2074 4 2119 3 2153
681 -4.2231990258025673 -8.4718515560876071 24.503495710221362 108 54 57 0.36481349616437714 1 2079 4 2023 3 2156
682 -15.929748580606729 -3.7392149444778826 21.572067897959144 71 74 78 1.0797193932787661 1 1980 4 2137 3 2168
683 -5.1237440035274489 -8.3368273617399673 26.730781568063463 69 60 52 0.32906918084840131 1 2222 2 2194 4 2224 3 2286
684 -15.515923607145924 -8.1427923680970267 20.619855816108828 70 73 49 0.17965011090414154 1 2319 4 2258 3 2316
685 -4.0154355102450321 -7.0929704694490479 28.376291092944424 72 72 67 0.44119009864858327 1 2325 2 2278 4 2263 3 2332
686 1.5095918012547931 2.0507944495239085 5.9881278479223496 119 76 51 0.71726533763043721 1 772 4 1215 3 1791 6 1129 5 1388 2 1564
687 0.249481317479672 -1.2482721741787564 3.1741479232631931 122 86 70 0.4486371455372507 6 1607 5 1479 2 1646 1 1361 3 1834 1 250 4 1285
689 -0.032959248574332189 -1.2058108792568984 3.3137794878047302 54 22 6 0.15355675069541488 6 204 7 187 8 133
690 0.086301342733060005 -1.1668200228289987 3.2437070409977879 72 66 70 0.059769804361466887 6 864 7 194 8 136
691 -0.052044112718463653 -1.179847992773964 3.3301069904279159 51 22 9 0.44663197832086593 6 216 7 202 8 647
692 0.43047304533581221 -0.79754368248404772 3.5336566529084217 44 19 9 0.11643879232682851 5 319 6 289 7 280
693 3.9244515392366681 -0.39124367025686535 8.2108415658199903 187 130 75 0.20601927674995144 6 406 7 397 9 169
694 -0.8225114599268758 2.1221969808000645 6.707888298606 163 147 122 0.41179065889017585 6 1138 7 674 8 494
695 0.089757383934675028 -1.3732489013624365 3.2320031053263416 107 70 53 0.21047200568420096 6 816 7 806 8 604
696 0.063344520587279907 -1.2158487843352961 3.2494252207088659 43 18 8 0.54085557257326355 5 195 6 853 7 830 8 130
697 -0.020526643871764838 -1.2177028984347964 3.2952724690995505 54 21 6 0.25730957418135819 6 1273 7 835 8 945
698 0.067758795422182327 -1.0420739496100353 3.3277333077610809 11 10 10 0.096205638977715807 5 247 7 863
699 4.1045693337731155 -0.34115901449876529 7.9308321187186177 120 55 35 0.63052851834773072 6 1400 7 958 9 494
700 3.9595368144078011 -0.23921469072753043 8.1659584453478242 153 87 71 0.079035809893448189 6 994 7 971 9 692
701 3.817081147655029 -0.27174180560201289 8.4811010873257402 162 52 38 0.11085577961275463 6 1408 7 973 9 696
702 3.8376657216819452 0.12713137471953265 8.3720994087313869 131 53 32 1.0407274396138781 6 1438 7 995 9 721
703 4.0970308355255947 0.40985261874328371 8.1479303662889642 164 111 60 0.27363802600960052 6 1714 7 1015 9 214
704 -0.63840529901362386 0.66663631443662807 4.5364043466139066 149 25 18 0.9129223580678516 5 545 7 1065
705 -0.06737520407158859 1.0061633026275394 4.0981961758226388 149 98 71 0.045682606862817034 6 615 7 1076 8 825
706 -0.74128267507362111 2.1728721090152101 6.7014984489769649 156 137 122 0.68351952194270926 6 1140 7 1131 8 493 9 372
707 0.038689259129653264 -1.0338729116444179 3.389668169152722 21 6 3 1.6130311327243545 6 1309 7 1277 8 958
708 -0.065181143065883851 -0.97705249538456862 3.4844448924162679 44 17 0 0.33985512662533357 6 1317 7 1283 8 966
709 3.977872119885296 -0.37384716872630608 8.1336365219539637 141 67 63 0.16948955894937753 6 1684 7 1341 9 688
710 3.7552485265746474 -0.18871008411891943 8.6462284473381956 210 143 129 0.12997341163040577 6 1415 7 1352 9 707
711 3.8299482279267605 0.0286725701753342 8.5327200952849971 105 49 21 0.15794486183207423 6 1435 7 1368 9 719
712 4.111150149728827 0.20325703002578077 8.1631985358124286 152 88 56 0.24038773502273783 6 1441 7 1373 9 712
713 -0.027794653068049402 -1.2549574193625959 3.2908183329807366 114 81 64 0.19946910919707475 6 1612 7 1510 8 1118
714 -0.13315088868844061 -1.08387603997646 3.469720851486731 103 72 54 0.39423335805623294 6 1629 7 1529 8 1222
715 -0.097640656953937865 -1.0009294262713078 3.5063108970132282 98 67 47 0.57631929701065332 6 1316 7 1534 8 1128
717 -0.51287426561302307 1.1346493224472782 4.1549480151541927 168 119 87 0.34880855125687688 6 1499 7 1628 8 1276
718 -0.05714248738682004 -1.2250154265030284 3.3259348378628828 100 68 52 0.69711627712883895 6 1618 7 1687 8 1217 9 652
719 3.8358228509473982 -0.44792696815134303 8.3667686285894529 159 56 58 0.54765231009431525 6 1862 7 1722 9 1026
720 8.7356558812180918 -8.958076855149308 34.270370307014339 80 81 76 0.29946032168019859 5 1794 7 1795
721 3.9427330336222104 -0.64669440964191782 8.0793381836010241 193 155 11 0.21802129927816583 6 1858 7 1815 9 1020
722 3.9106475439353319 -0.331208142808746 8.2254127993837578 175 124 78 0.15082767323093874 6 1993 7 1819 9 1028
723 0.07583082416757192 2.9693770704844362 5.2341781767024722 180 168 159 0.37370498910958749 5 1850 6 2036 7 1863 8 1403
724 0.035796219387833506 -1.3417558938810252 3.2664882169705312 56 23 16 0.32805862914894873 6 2054 7 1879 8 1411
725 -0.066554104793655311 -1.3038986093601777 3.3416913869398996 47 15 9 0.21554903840805073 6 2056 7 1881 8 1412
726 0.015390392423810573 -1.2569127339240964 3.2664268611153267 119 81 62 0.24462152151553576 6 2057 7 1882 8 1363
727 2.2883514943428063 2.443110260033416 6.2611982389241243 195 177 164 0.37342683308290753 5 1999 6 2168 7 1926
728 -0.83787368399918816 2.4083759523581953 6.202689104670835 211 196 179 0.79948375046316222 6 2032 7 1936 8 1402 9 1113
729 -0.83828333835389512 2.411434540694819 6.2020506262523396 211 196 179 0.78376196540540599 6 2033 7 1937 9 1114
730 -0.42219888498491065 1.1067800206446203 4.1382135387083681 82 41 23 0.3576509750533558 6 2162 7 1973 8 1388
731 -0.81515584100142979 2.504130434571465 5.9970916975046578 153 139 120 1.075298102179308 6 2177 7 1989 5 1919 9 1181 8 1466
732 -1.0539474347594711 1.9804064269313786 7.0736767948637826 196 188 169 0.93955093812743962 6 2166 7 2009 8 1485 9 1203
733 -1.0382296714186672 2.4948154417465505 6.0240944234819116 235 222 203 0.36027532315943939 5 2003 6 2238 7 2052
734 -1.0398046750158909 2.5059181242783395 6.0511596259087526 235 222 203 0.5916918354896803 6 2237 7 2053 5 2002 9 1217
735 -0.17026940880447061 2.9164569598866832 5.1546918907245836 200 190 180 0.84402150098008155 6 2248 7 2054 8 1509
736 4.1300200197491312 0.08549312491181657 8.0032607103580524 151 80 35 0.31004864420709372 7 440 8 298 9 515
737 -0.079914817271609873 -1.3501778007011516 3.3578968569988423 127 95 74 0.38865456409559024 7 139 8 621 9 80
738 1.7282258268714745 0.63010269533993624 4.9607254675118542 88 52 30 0.28826344805687559 7 555 8 786 9 249
739 -0.18962346879515379 -1.2729955527826031 3.7019024355566703 128 92 66 0.29023736650247767 7 1257 8 953 9 828
740 1.8721516308273447 0.88269138382342782 5.1776622568868511 69 36 17 0.30167629995040701 7 1048 8 1031
741 -0.75594679391819575 2.1266313718807375 6.7173212655693044 51 34 16 0.50720835640697548 7 1637 8 1069 9 920
742 0.66801956797749207 -0.7176134355125563 5.0121070570953927 74 4 11 0.48907109619115263 6 1377 7 1557 8 1146
743 -0.73714294295526372 0.80320307118536216 4.4982245579776112 160 105 79 0.16930389406107704 7 1616 8 1181
744 -0.31970948280820888 2.0897176558783763 5.4247205734183961 51 20 10 0.45305588921658574 7 1859 8 1345 9 994
745 -0.40976092176594714 2.1467913777986167 5.4160822943460056 115 77 58 0.086841352411840655 7 1861 8 1347 9 1064
746 -0.65857802193087778 2.2170165431209803 6.5836134796856385 160 149 137 0.23263911498607145 7 1986 8 1441 9 1153
747 -1.0532757628041236 1.6525846877070469 7.4014882868007614 112 85 53 0.82014377124916071 7 2008 8 1483 9 1202
748 -0.54697468840857566 0.97208964491312733 4.2328814254306133 128 83 57 0.3050925101399054 7 1086 8 459 9 327
749 4.0684425405933728 -0.32750548283668768 8.0718227579203319 116 40 27 0.45522306378276484 6 1404 7 961 9 499
750 3.9352166705952101 0.095161287747293072 8.4047812112725531 182 104 65 0.3050414214816371 6 458 7 993 9 524
751 3.8863525110840453 -0.60126925867522307 8.1410261416727003 137 45 38 0.30214815219049707 6 977 7 946 9 683
752 -1.1094049295202253 2.2606709670912495 6.3102120724051991 148 134 121 1.6195348761987542 6 2246 8 1501 9 1216
