# Frame list with one line of data per frame:
#   FRAME_ID, RIG_ID, RIG_FROM_WORLD[QW, QX, QY, QZ, TX, TY, TZ], NUM_DATA_IDS, DATA_IDS[] as (SENSOR_TYPE, SENSOR_ID, DATA_ID)
# Number of frames: 9
2 2 0.9762771555001396 -0.13742531309558353 -0.046577387410353638 -0.16071013020703759 3.338974861948703 -1.3499786565375478 1.7816566132001475 1 CAMERA 2 2
3 3 0.96932032357307552 -0.17572377007815376 0.075393654282317202 -0.15445084600502226 1.8714188478079086 -1.5318454760738109 1.9330411407198285 1 CAMERA 3 3
4 4 0.96582360012714108 -0.19900265442525722 0.15393499813696876 -0.062343671031802876 1.126385934966587 -1.1474579147232113 1.8730369176681261 1 CAMERA 4 4
5 5 0.97351102657039357 -0.15219124174859217 -0.094875968924254386 -0.14181910168085204 3.594756493401901 -1.3458566309945934 2.1485680398966931 1 CAMERA 5 5
6 6 0.99723390959493585 -0.0087779845282955991 0.072092780329840275 -0.015814789468523983 1.9635609241917018 1.1898902855634448 1.0764776710483144 1 CAMERA 6 6
7 7 0.86643613086844784 -0.094248855888922581 0.44374362932807826 0.20855976534338544 -2.6606490225442125 -0.078376457434568822 1.3106262169204757 1 CAMERA 7 7
8 8 0.8665276584333127 -0.17808603185313046 0.45145925758834898 0.11661784240270651 -2.4830799056666906 -0.97491499939672621 1.5559296773909195 1 CAMERA 8 8
9 9 0.85690339558373863 -0.16189672776322872 0.46419395408133429 0.15501610616627601 -3.1434941000251384 -0.51803000257498188 2.083571184631674 1 CAMERA 9 9
10 10 0.79028332175460281 -0.13570060094118275 0.5026601929300567 0.32306400094134763 -4.3510327131549102 -1.4845190901903842 2.4406117323759071 1 CAMERA 10 10
